mu=-0.16645342111013306  -0.6374507015168214  0.052970559974790075  0.031601875772308  
diag(Lambda)=0.1963771801404379  0.18922306769147973  0.19457540225231443  0.19951992669472524  
