0.010397871623576041	-0.00011513256610298825	394676824473049e-19	-7247533367585707e-20	0.00013148681033898447	0.00019220810510525347	-0.0004992891447484544	-0.00013172331465371117
-0.00011513256610298825	0.009663042317809711	-8427662315662285e-20	0.00020412640341748895	-0.00024048789025628991	0.00017023790896051406	-2926573079266138e-20	-27032826196940426e-21
394676824473049e-19	-8427662315662285e-20	0.010331371106911494	-0.00010144084526499145	0.0001288335791092428	0.00017960122892925833	-0.0002714288051676517	-0.00017665077350174265
-7247533367585707e-20	0.00020412640341748895	-0.00010144084526499145	0.010071242075097967	-2101630534148329e-20	5916589159340279e-20	-0.00018552888463753674	-0.00014989096542058204
0.00013148681033898447	-0.00024048789025628991	0.0001288335791092428	-2101630534148329e-20	0.010131844428806795	-0.00030303699478150355	-0.00012752134339603173	-0.00019422765743244266
0.00019220810510525347	0.00017023790896051406	0.00017960122892925833	5916589159340279e-20	-0.00030303699478150355	0.009678583302035054	-0.00022950728620130882	-5278945675087489e-20
-0.0004992891447484544	-2926573079266138e-20	-0.0002714288051676517	-0.00018552888463753674	-0.00012752134339603173	-0.00022950728620130882	0.010186995005310735	0.00028076933342032243
-0.00013172331465371117	-27032826196940426e-21	-0.00017665077350174265	-0.00014989096542058204	-0.00019422765743244266	-5278945675087489e-20	0.00028076933342032243	0.009880274577610293
