0.9999314899510845	7389006846097887e-27	6849259171260957e-20	1744981399854905e-23
0.9999990942609783	8253560097941559e-23	19385214363228762e-23	6293512769459655e-22
0.9999570432421105	3394835747115154e-20	17829116978237352e-24	8990571301238901e-21
0.544157628621469	0.1539473017237629	0.28897284785964955	0.012922221795118705
0.9626070231600786	24047079352744587e-22	0.0022143949536231854	0.03517617717836286
0.9998873203145577	0.00010389283414355422	8786753316330202e-21	9798242379456775e-26
0.9995481698430224	2422495355817975e-25	0.00045182989732011096	1740796982212714e-26
0.9918152140334671	39945300204991104e-22	0.000851156983521114	0.007329634452991112
0.9697477274898002	0.018570760139606422	0.009197594900520654	0.0024839174700726835
0.6927570769268897	7062652149440324e-22	25511447162708937e-21	0.30721670536073253
0.7434641725757881	0.22180849491944427	11310006199642836e-25	0.034727331373766976
0.9999998252550898	3328198250265515e-27	8371812474031781e-25	17390440068647292e-23
0.6196388312923661	5155324748410659e-24	8699757538328815e-21	0.38035246379477083
0.6961266294522149	43860411423948937e-23	6111462193933918e-22	0.30387232079745147
0.7306303819268759	0.013851830832570555	8318636372161893e-25	0.25551778640869
0.9997500398171374	0.0002499598750712339	38620789451127486e-28	3039292936628262e-25
0.9996015535929973	16260076688524183e-21	0.0003821836716925893	26586216128790017e-25
0.9989748153952033	28037983591630587e-24	21380447437257853e-21	0.001003776119376054
0.9393511051623463	0.051846761985657054	0.008729033539869334	730993121271539e-19
0.9980373824730671	16786940010531033e-22	3959115707846233e-22	0.0019605429213610456
0.9999765118284496	42984772391681274e-23	28766031114712327e-25	230554472233922e-19
0.7964535518957261	10559677810927542e-25	0.2034234819052269	0.00012296514307918202
0.9669334127126936	0.01401127581682886	0.017663824577953825	0.001391486892523646
0.8115845186377353	0.03518500856233846	0.035895750634982626	0.11733472216494373
0.9599976588741607	0.03995106360357399	3304028927794537e-20	1823723298745018e-20
0.9099958702564673	0.08970735050362418	4220754845480108e-23	0.0002967370323601292
0.9418288946539356	0.058169352694780116	17526261422887647e-22	2514196304746705e-26
0.9999996517622638	18724144851560714e-25	10625770109257436e-24	33573955161360504e-23
0.9999992281677474	9986741002016933e-23	1144166175131457e-25	6718504258596928e-22
0.5100630561064055	0.0006002152040662567	0.4884076006931494	0.0009291279963788328
0.8643166178137651	0.000922926506385398	0.13472073854145336	3971713839598213e-20
0.776983995055223	41477341195137e-20	4475891904258907e-24	0.22301558569547322
0.9978165422085306	0.0002828402967953917	1197073427010688e-21	0.0018994204212469347
0.5357362365345981	17853463219447362e-22	0.032109724573597356	0.43215225354548253
0.9761066974760848	25423896614063467e-23	84777518090155e-22	0.023893039807197397
0.9991820327990852	22131709966803502e-21	0.0007958349148192342	5761287514282845e-25
0.10681834402930264	0.828840311997579	36370708971535256e-27	0.0643413439367477
0.012895951085974513	0.9871040270100369	218940374940493e-22	9951070278897116e-27
1533607334900169e-21	0.9999825077085095	15958640399879e-18	4375580797260507e-26
0.005513341437966272	0.992243697871401	16227950305459082e-22	0.002241337895602275
0.00023552658793905208	0.9408156050797688	2672857816328673e-20	0.058922139754128626
4237923617543929e-20	0.82366241774077	0.04076736297170013	0.13552784005135454
0.0103867659855843	0.7924039485034574	5422763609551848e-24	0.19720928008819463
0.15941123845166313	0.8138005126897868	0.02344758034552509	0.003340668513024866
8897404428239151e-22	0.9949215959719766	12439749704298135e-24	0.00507750184783091
0.0028203167569502657	0.9903481545735425	0.006400554062640012	0.000430974606867211
0.005583490125296052	0.5866401385716118	2950211830964978e-22	0.40777607628190915
0.0006058555518366948	0.9859411449847517	1195196855850383e-20	0.013441047494853215
8003164802087913e-23	0.9990554745941417	0.0008300081299872059	0.00011443724422313424
1046116680654472e-22	0.9999046273134778	456954792392776e-21	948111200619192e-19
5286603826279998e-23	0.9999968698164213	14961092109256341e-22	15812083295318914e-22
6687251065476096e-23	0.9998648035286979	7638072325909893e-21	0.00012749152646546018
25545098696101402e-22	0.9999927483630253	5933871774656438e-24	4691193233077095e-21
20299135680488564e-22	0.9928625967669965	13398771368862425e-21	0.007121974548066613
17035365659425582e-21	0.9696957930380786	0.0043199331189654995	0.025967238477296508
10734455452663539e-22	0.9347244091224777	0.0634973183749262	0.0017771990570508269
0.005579767252564104	0.992975029961639	0.0014348554047499324	10347381047087536e-21
0.3623384890359516	0.5949799075638306	0.03830217048668293	0.004379432913534912
3859245808426971e-22	0.9943645066945322	35050896292310886e-27	0.005635107345835876
8192912660676783e-20	0.7676385814342276	0.23186528989067937	0.00041419954848607256
717187980639255e-20	0.9999928208298893	17412254284254769e-26	71161817848654484e-25
0.0005105006696505655	0.7426322548170697	0.25640023092069336	0.00045701359258616735
612319647504893e-21	0.7617051638071725	0.0014580822835892472	0.2368361415895908
58136192902316676e-27	0.9981997033689619	0.001800295066883373	15060184815240404e-25
7591353513191513e-24	0.9999999924034658	4747380370217652e-27	43334141303313033e-29
0.021012710190900966	0.976803889666994	0.0002172540488395717	0.0019661460932655908
672063676061217e-22	0.9997277904439662	39145896164946016e-23	0.0002717508907047501
0.019601383261009755	0.979544658188679	0.0007958806331464216	5807791716478103e-20
0.06747475569856118	0.9325193197793644	5323241874194759e-21	6012802002882023e-22
0.0006762110081859324	0.06970630409073089	0.929587942546367	29542354716063572e-21
11929782604803564e-22	0.002384892777748522	0.9825028461992247	0.015111068044766167
0.0008119857250079093	0.03527154629173943	0.755741765251903	0.20817470273134983
0.017661486410957154	1746163781570565e-21	0.746640879142104	0.2356958882831572
4086164166005287e-22	7282874624604436e-22	0.9999952100633063	36530328147084218e-22
0.0008634181552465484	0.012429670382797877	0.9858103213165883	0.0008965901453672266
0.14739114368681117	0.007476978606757189	0.8443541947009707	0.0007776830054609758
12662355908851602e-26	26785086061042676e-24	0.999999630599585	3424887054438249e-22
7762941466006758e-26	14523212488020315e-25	0.9999999984644914	5558058493410411e-27
4406078185090915e-24	7477403667117259e-26	0.9999999814424704	14076677378468062e-24
0.07889655203247958	8171783593811477e-21	0.9209460627752046	0.00014921340872196907
34832667956312184e-21	452989467328811e-24	0.9999624950052944	26718737596450024e-22
0.0005545262281596391	0.0036019882028589154	0.9958212216021333	22263966848162133e-21
0.002669344893995526	0.0003000611560664715	0.9970305538604848	4008945313214983e-23
0.05407641544906553	32681870492060006e-26	0.9458603922373198	6319198679611089e-20
0.005542616399680068	0.004705466193597193	0.7877739148450961	0.2019780025616266
0.008313094818795556	17365502856881058e-21	0.9713094800606863	0.020360059617661217
0.20018075810003091	11836134584823922e-23	0.7998190428565953	8068202786625007e-23
1214396008039914e-20	0.001144053573393433	0.9988430214471626	7810193634723997e-22
16966926073737985e-21	5408009044835432e-28	0.9999469822128111	360508605742471e-19
0.3074865548990133	0.0013967482497574354	0.6909806733501154	0.00013602350111389242
0.0019342713559156127	0.002788685421717724	0.9952712789474675	57642748991311475e-22
10490551501579051e-26	0.0004541741852133841	0.8743433932822232	0.12520243242765777
1968158618229581e-21	1591136004296356e-22	0.9999978717460689	981712379072372e-24
8987445102314802e-22	3184564913408543e-25	0.9994231374585548	0.0005759634784783187
0.00989581394855833	0.014927699809302078	0.9751762510861547	23515598484013568e-23
21687349315660737e-23	0.002204383594380849	0.9977950382580585	3612740675903858e-22
0.12607382948560142	0.0018362357535219895	0.8154768370386237	0.05661309772225281
7251801359158217e-22	6294884730502794e-23	0.9999992110957459	7752709666750872e-25
0.0007686124958853826	1613298237937889e-20	0.999139024458067	7623006366822768e-20
0.0015944637057003293	0.003274585682161016	0.9947127617206215	0.00041818889151708715
0.0010058077543870015	0.47569957360140325	0.5178551017953812	0.005439516848828507
0.00033885234959938476	19895057491773716e-24	0.9996113191369826	49808618360594874e-21
11997392403277366e-21	0.07102699442742284	0.928891495542228	6951263794594015e-20
15897355673071825e-26	0.2956300913702392	0.7043681081009535	18003698337551067e-22
0.015058708863387732	0.014423587004221571	0.6083974644166601	0.3621202397157306
0.02622939253825533	777746003055288e-20	0.9722904751514639	0.00147235485025017
0.0009051923719234589	0.00522174742525918	0.9579119012448839	0.035961158957933524
0.0338600648032867	0.0001749574170091508	0.9657527071373295	0.0002122706423748115
0.015013529052294703	0.015232935538136313	0.002126534948382787	0.9676270004611861
2254740523501054e-20	22617635469206483e-25	0.3288037035818222	0.6711737467511792
980237434967966e-24	15066373282169427e-27	9139993538041543e-28	0.9999999990037822
10925353889007483e-23	5563419955931858e-24	6558589466756425e-26	0.9999998851174553
0.00224297346681922	0.0007229156633622801	8283596851626745e-20	0.9969512749013022
0.0036685617122411127	746237696103942e-25	0.00014432531406567738	0.9961871128990695
0.0021415797572918406	0.09337822376911777	7164150588912742e-21	0.9044730323230016
0.00016905610598837907	11643256998362526e-26	0.00015363002324268385	0.9996773137543364
0.00020500635135485922	0.0035153469214431457	0.0415822831574328	0.9546973635697692
0.0003418090264404061	0.15315487379136042	0.018294604966211624	0.8282087122159875
0.05452644829846868	0.0024908835242183026	7882782052771642e-23	0.9429825893494926
8866424733779516e-22	28663412068595802e-22	1227568890945882e-26	0.9999962470040441
37331200857745826e-21	0.0008819045387111576	0.009595924923920467	0.9894848393365105
12930206033667848e-23	3733110903706648e-21	0.4690751521858122	0.5309209854012238
8034732145346373e-21	3045773138337358e-20	0.00685393059419497	0.9931075769422762
24647367757511933e-22	16196507990513445e-22	0.010603049803683295	0.989392865808742
12522940875724861e-21	0.00017301532551823164	8328971532659545e-21	0.9998061327620734
7946269103797232e-22	0.00034879084781146586	0.2371229275332835	0.7625274869919947
73691009053873665e-22	5629518182265239e-20	5809579049767553e-20	0.9998782399267744
0.0004251425078425772	0.0010702025780637767	0.40494560929955015	0.5935590456145434
0.2515162417452974	27413964826454697e-24	24102369592529318e-21	0.7484596284711452
0.2860315503755528	0.11769205292285613	13819517523025359e-21	0.596262577184068
60813615903703945e-22	0.000309391286744372	23945786760083167e-21	0.9996605815649052
7168689041554541e-25	0.00016487677607757856	0.3979280755832493	0.6019070469238041
0.003199150727820455	0.003500806064865837	0.0038921539355139963	0.9894078892717997
12559656906589207e-22	0.007297386325923544	1556100048045231e-20	0.9926857967079052
35132057662513184e-27	6646776738101999e-28	3074999100738578e-22	0.9999996924642931
0.048892953611891714	465299683898253e-20	8773590612727391e-20	0.9510146574851421
0.09193011569752207	0.00019813571935177617	0.08637567311115693	0.8214960754719692
0.003423805753642097	0.00742440434127028	3453611912908307e-20	0.9891172537859585
0.00023483352946565645	0.00013178697910966707	3788471898256971e-24	0.9996333757029529
0.3479819509362356	0.2737988604527621	0.0005762828189765576	0.3776429057920257
0.005693703376131846	0.0006387520370046676	0.2724546716867663	0.7212128729000972
4839580747234488e-20	4635093080144894e-22	13579688707996131e-21	0.9999375609945117
49328528814633765e-22	0.0016878034827147597	265155036241106e-23	0.9983072610128534
4816340225572378e-27	13811586832291994e-23	30590929968397464e-22	0.9999968027863185
0.009146251029440167	0.009738055665798292	0.11509996024582655	0.8660157330589351
0.0003335644907525263	4174195971125944e-22	2103892739954764e-21	0.9996639141969105
0.003796375685223296	3405274066884064e-22	10566578162891862e-23	0.9962031781215884
0.004955559981178866	17779982293415368e-24	7821395409455632e-23	0.9950443440248848
0.00026306089959750155	16963249646873227e-22	12112349635101682e-22	0.9997340315404742
0.0026609268046120533	3027751856472795e-21	53075408841170645e-27	0.997336045390456
