0.9996981996333336	0.000267643637710564	27893840988849333e-29	2539395519542258e-20	13401521101538061e-28	1042335671741228e-30	4957926532544682e-31	8762772138907893e-21
0.8156491666277701	17674570712372017e-22	1288972924964265e-21	7445879847853547e-23	0.00044643474668670287	15222316446546852e-27	15036292865114584e-33	0.1839012677215257
0.9956415776584748	0.0001033955649317943	7758637461138719e-23	16135618145823407e-22	7877000715308558e-20	0.0011550189825956325	0.0029736401902968777	4590644835906017e-20
0.9996219168236025	0.0003707119846746958	43993319422540605e-29	4853350913609133e-22	4837909469235877e-22	5591286514538768e-21	8099910074252008e-22	7877223842760423e-25
0.9735209557488071	0.004366734018403453	5587985696841651e-22	0.010374750523714614	0.0005805266692517524	13646106248001217e-22	0.009172366459494471	0.001982743171134079
0.7266476175649271	20643959436066235e-26	5891237237499595e-21	12632626026540354e-21	0.007818876103015175	6004843364813925e-20	0.00021114025803271625	0.2652437935706725
0.9588833363567881	20896092364883997e-28	0.0001594430620724166	9401548986345233e-22	33973226559942417e-26	5411455029240808e-21	0.040950855642431325	12986958704463221e-24
0.5985173203404353	0.4014605503786379	1872811899724431e-26	43444753941346366e-27	19375570424382479e-26	22127370615101163e-21	1824369658431374e-27	16525579708763534e-25
0.9994958994614066	1412433559445656e-21	12641176512716003e-22	6699639253512091e-25	0.00044429697537569677	2436424856220869e-23	18784667178089482e-30	5710197777381957e-20
0.9947130730795968	0.00021684295138499988	854127827644688e-23	9002260075568008e-21	23673762317191617e-22	41438335746254744e-30	0.005058705791046439	3457959353332134e-28
0.6080915454347392	1846617945340284e-20	27697569940399797e-27	2056694119625585e-21	0.3809568562461542	18683807649595295e-25	4436911805307243e-21	0.010926636637650033
0.9965567520417382	0.0030547737497356193	4770955801584951e-25	6808758092362927e-20	4078976762627935e-20	29996491315828354e-22	565400308916807e-21	0.0002760313334403992
0.8454551286796885	0.00014819696787803034	3945357755603096e-21	5992471350967014e-24	25117520671238616e-25	11593254651849939e-24	0.15439197540783758	7334893615327021e-22
0.9861584874330749	0.001650618265301264	0.00018112141573256067	17472403797901554e-21	10604630739808072e-21	4245194958927606e-27	0.010442863300948674	0.0015388325461589835
0.9999847087595728	17160598759291486e-29	15271603967190262e-21	771587879095865e-25	13328082362482206e-24	38909817155540416e-26	1427794366948675e-27	5840521432276709e-24
0.9974396185993103	0.002235377059952225	5797250616295036e-20	16919267636492216e-23	0.0001303006731341383	12057469013895578e-21	35285779572455248e-25	0.00012450097117174574
0.9997874501667224	12813412306693417e-25	16794507916622852e-21	16658449664915674e-23	0.0001950632790691315	5240269391849692e-22	15351200447004023e-26	2741480154973913e-30
0.9860143999344295	11986562303077793e-25	11221714974741515e-22	6054429854955713e-22	7541436875064023e-23	15911903241709113e-24	0.013983779923037624	31219954572731043e-28
0.9798028928272001	9911743080868857e-20	4615853337274036e-21	13424974439120008e-21	0.013860453858709473	1416961668382505e-20	0.006126383092489349	7894234633201639e-20
0.9999929288682737	5842035844817397e-26	7560786802247344e-22	6587115418106019e-25	10839936292098101e-23	14047095029036437e-23	6050448024807796e-21	15017574874432292e-24
0.9642721124754843	6226447153837448e-22	0.0014832678104837653	0.016940545724247757	6797649395767503e-23	28778762609485743e-22	0.017300366992617718	13849969588978948e-23
0.9999922954909094	18447224156016947e-28	7699842950997726e-21	3484722048732101e-26	4258890704718335e-24	4158968146309985e-26	26278020121502074e-26	6618861174763532e-26
0.5074956678889805	4821322718088135e-22	1667960262091322e-24	4212328206978889e-21	1587962253542955e-23	9106357912767674e-22	6811130065860178e-27	0.4924987094603556
0.5997923923423163	0.39698652033091353	0.0003477284023720228	1953308476188788e-22	2280180896727781e-21	29449612868145837e-23	14854876123312764e-21	0.002855734040401875
0.9999996912538031	9826060885036643e-28	3072275907059832e-22	1769528568059239e-33	2178801601301116e-31	22076002188330997e-29	16917917331875884e-26	1348224665762666e-24
0.9356589910661964	25321090901104838e-27	0.0642746883386385	13472790806922642e-21	2117330414241149e-21	50730295605136523e-21	15301918000997313e-26	13410075906868325e-32
0.9481884833071342	0.014089160013011935	0.008782501169785272	0.001836366458024896	0.0009640628793710433	0.023789568868546745	0.002349855770946363	15331798949498395e-25
0.9434817066977627	8408831653144927e-24	5343644503034369e-21	6947758910135111e-24	6138442740652779e-23	9622380849584428e-23	0.05587450638616639	0.0006382703067409738
0.9973809921844329	0.0007062733034172022	4611658985592832e-24	4464484202469048e-20	19642614572122375e-22	4727494926612887e-28	0.001800771424739457	6534937179693409e-20
0.9190443500968273	3353869879336765e-25	19907655043265603e-25	0.0797828346139142	1711146645714587e-22	22617446871337295e-27	3571675024850181e-29	0.0011726418257890156
0.9987857519913129	29627434187948292e-22	0.00041241381017583526	2612758510207744e-22	0.0007986068639202929	46017078072966615e-30	33152662596633823e-25	9445725128462393e-30
0.7877296213314257	29156252718443985e-25	32717155551587336e-21	3906264714719531e-23	0.20221400992792596	0.009771217384283555	13743794594627313e-25	0.00025239084816151115
10405306999279387e-30	0.6254028066294636	0.00018534111429124183	6105856087574919e-30	0.3744118515534758	8301087249986383e-29	5253241020041221e-25	17734512786788583e-26
71142380814086646e-22	0.9962191555288804	5280401362586205e-26	46638963599794746e-27	2777113013556419e-20	3647649928859468e-22	940664267460691e-23	0.003745584831823616
0.00014863021515757106	0.5345107753093462	0.022168270220566215	15493648934729316e-21	14047689407960051e-24	0.0043779511826779645	0.0023145343621664167	0.43646433101346105
4104769311505166e-21	0.9983099605454567	43249939165880984e-24	6471191128494354e-20	703129481373959e-26	0.0016211644803513108	87085247598752e-22	63280999761609005e-25
0.02722724906206149	0.6144044449836956	44227067761807726e-23	0.35759547821549625	0.0006797334298597899	2061835507399217e-26	30607163550001005e-23	9234594595466269e-20
27255038142008703e-27	0.9999613416306989	3796042544909758e-20	5302332896762816e-22	8155330853295342e-24	4622818624325939e-26	1540896659075564e-24	15794085120233586e-23
0.0650782738552296	0.9338579343166408	4032461657540812e-21	2692529391024527e-23	0.0010424263225384284	11524670204136265e-23	17167759633974772e-21	2311230315085743e-23
10598840863611644e-34	0.9793579023185804	0.00267039318115007	52479895260299705e-22	7551323972642578e-20	1111373040458732e-24	0.01779897922875191	9196293089243178e-20
4010840434006627e-28	0.9992867392076004	6021170975733909e-38	4353629633655072e-28	6773932082525249e-28	6910141069852356e-22	0.0006928718403591494	1969793642038945e-20
6365853882268725e-21	0.9919554783207796	17429139657132686e-23	11408431331311407e-23	15278353612056146e-22	0.006754011169373908	0.0012740225234640146	8305921428878201e-21
340719789272342e-25	0.9989857373907209	0.0002708046387849984	7763182137979189e-22	2957624492294234e-23	0.0007426438004928906	8238024894227492e-24	3445880383941658e-27
10603114826519243e-21	0.9998971593564988	3827576720969446e-21	23681591423156768e-24	19025238119559914e-25	6851321906708293e-20	4222931065313927e-22	19448855663805524e-21
6188904180077878e-23	0.9099331242635875	26482532473227763e-21	17896253042097508e-25	1524964153089875e-20	0.000809115773748483	7526328056390922e-20	0.08914070082942843
9670197998971118e-21	0.9644304091836797	0.035556446255335904	12653892585264145e-29	7737666015749883e-22	1659430223251712e-21	1590695873908305e-28	10411658750356777e-22
6751339931607963e-23	0.99977797767846	2947777571706746e-25	13061071408887015e-27	5025017521961247e-26	6815690006998377e-33	0.00022195445002119594	30636836374746553e-30
14941528563580451e-25	0.9998946764553711	0.00010233571672987046	8824533630099024e-31	2279013626410288e-21	6164834148649846e-25	6401924002063046e-22	6651123549357846e-23
4285959723153617e-26	0.9994511303313037	10169732469003476e-21	19211922918521295e-28	41152726612997476e-30	0.0005386968002262538	30911794169186666e-25	3670440072583441e-32
21038786433128528e-28	0.9084983103973928	5925761159235352e-26	23457133667387727e-25	0.059534528268617444	4386567748201066e-21	8591836231067387e-25	0.031962771499984
34879800651383826e-22	0.997844153953253	0.002098821723730097	10865713851528868e-28	13122464914140733e-26	4775631536720793e-24	5353112721919112e-20	30778990139798983e-26
7763551093504293e-20	0.9283088369016795	0.03259436880957911	16743550488194227e-25	0.03900323903395906	26332609790172628e-33	815206749629677e-20	7766001996951115e-21
5444831119148806e-23	0.9319075678705364	0.00011842485537560428	349973265615659e-23	25149961003197582e-22	0.0023496066077354485	2227804153470383e-33	0.06562182772220866
16814304701278955e-22	0.9999983179927133	6149149271587384e-26	6389345675263674e-33	1172608231868765e-29	8363879891883892e-27	5062609624012275e-25	6864511972219388e-28
13681117503892402e-34	0.9999371464707905	50899807808981574e-21	2738517195835281e-26	3649130736677158e-30	7129161261415143e-25	35198006410737855e-29	11952980744058053e-21
17648776135808232e-21	0.9915525812902451	0.008217781511135978	17785189213232163e-22	0.0001981783347390495	807247917396551e-32	12031220995787224e-21	3478267581988483e-25
0.026695802188973015	0.6206441863769995	0.018536247611859864	11044093370993521e-23	80565795668188e-23	0.0006768135218339294	0.22057059527733958	0.11287624377640243
0.024139615913540483	0.9726392188417022	20599341543105817e-25	12815872033189566e-25	31809933958702876e-26	0.003220268807101094	1266259072714386e-22	7661521296039699e-22
7522686766234426e-20	0.6072853276214925	0.3850864831244051	10387173667737708e-23	9700690386156603e-23	3321803214196061e-20	0.0003132174622953944	0.007206326013361674
0.00017343955340751754	0.00012373631038078642	0.8906065111427611	1954833461485191e-27	15416233859459414e-25	0.010485203884334833	0.00029750520426739346	0.09831360236127035
624075428555361e-28	8684340317921418e-27	0.9996570896765788	12346184241657322e-27	0.0003162930200720232	5393213884632595e-31	5852189968001782e-30	2661728225123905e-20
0.0017130078345450714	1142552649449402e-23	0.7688716954589359	0.07567076048089087	0.15355709153787647	11923653109732243e-23	0.00010905752989366554	782564957999094e-19
0.00305257652069668	15531985886553974e-26	0.5505898270016559	0.00043630296150926724	0.19079603999444233	0.2540665844914074	679999472957946e-19	0.0009906689276733991
6585218213299097e-23	18239510202418794e-22	0.994935314795088	15601288038752276e-23	0.004997835853598622	9410610330028291e-27	2046868150458168e-22	645988390050538e-19
0.009003516883496567	0.0017448311249407945	0.6197536915367028	10062790259399579e-23	2169819624645749e-21	0.36940168866330925	58702697197137966e-25	93995473753905e-18
8113880239509203e-25	15585397303004082e-26	0.9999978885178126	815389895633981e-22	6379652101878388e-24	1123034942349646e-25	20019526586774786e-22	20531340561781532e-24
21261102230486655e-27	9542604310294064e-24	0.9488986274786758	0.010072572152634645	24998585667647363e-23	13816933400386033e-21	8547987494361989e-24	0.041014715337579256
24870019164103784e-22	13298512296826841e-27	0.9999975035696206	10148084329984927e-27	5044344815801076e-25	23535522072954896e-26	11379658278957786e-27	8653847531379615e-24
4953567912144289e-20	34527398651400584e-28	0.9994980698272063	43410798333722705e-26	0.00039789223689437993	3966223956249517e-27	7951154763638423e-27	54501807300007015e-21
5509766820434671e-28	35822000756652525e-25	0.9999999185329818	19092672888669064e-32	10228649412113805e-27	7787394179477558e-23	4202236798256887e-34	9633385055320818e-29
3611002222727174e-23	4662981540132333e-24	0.999987966589726	25804867041969034e-31	11834040077176448e-21	12386686733042516e-25	10541684231839416e-23	5194167948923744e-23
5585738052410125e-23	6679044865920027e-25	0.758393939247956	17067959889490965e-24	4825854456400695e-25	0.09810531471451645	41005560735785634e-24	0.14350063095613705
4731893393833263e-25	8355261822423455e-21	0.9999916258945816	19051131345693634e-25	12114000407767135e-28	10015070208442872e-28	13986134205185315e-32	16463079537431412e-24
23196991819116136e-22	19052400574747668e-21	0.9996934384452064	1952677082092324e-20	0.0002511828267744878	5602906784028381e-24	14472711772423911e-21	15427613298159278e-25
0.02112435249705408	0.3351413195683878	0.6157008086726999	9510347019739087e-22	0.001737341887969094	0.003477187101123181	0.021710941845505042	0.0011070973925586193
0.0004634734770478478	1533004043992412e-26	0.9995201889231481	11161708095851766e-22	13566578559738642e-26	21320401139475878e-29	14510683114321167e-21	7105946713820653e-22
0.03352023843666436	0.08574385184068509	0.8807333388277869	14127995990147907e-22	6659302604491318e-22	24924707652842315e-24	46713510234247083e-23	10519320231954854e-26
0.3498748028442429	621880404607413e-25	0.6322109288558682	0.01079220530642492	0.0012427275720216012	0.004529710284174446	0.0013496250748627552	2168163194682179e-28
58403973111080264e-24	0.00033668373580084023	0.9960260243729654	0.0007184012304044245	11064981138771005e-27	0.0023428393461551347	0.0004985519287630833	774409708731306e-19
0.29499776927080534	10045879844405357e-25	0.5522242571555618	1314340783093704e-20	6619545244793785e-25	0.00015545564650095703	0.14714130993581453	0.005468062916944879
3902070216553995e-26	16942676615177338e-26	0.9985539870185428	0.0014460122490016823	24884133330551048e-28	8055847044523427e-31	35712199800397763e-26	16439632303404145e-26
29329293759434825e-29	697644271683793e-33	0.907746531719435	25933675596630903e-23	1069936280308939e-25	0.09225320765945065	11170634528491497e-25	600081653229613e-25
0.00021525829966769985	2107702662926027e-22	0.9997842351208406	3935250966303524e-27	4745863842041914e-24	2105500031751134e-22	6776094360793467e-26	8044166162481261e-23
66532823569166305e-22	35841044593042664e-24	0.9709716341893095	4075743177660462e-27	5477827581387128e-22	0.029021126872395595	20278577432706754e-25	20171253760430173e-29
3048818809400056e-25	46013195933289873e-30	0.9884922814181766	22632109656152233e-28	7797949353289592e-29	4087243455799279e-23	0.011507677322127614	7999279435708984e-26
0.00048172816261666634	0.013443481228144614	13680295999170752e-21	0.9860438343794679	12214816682578813e-26	10474317766810722e-24	25131213506212555e-24	17240206093050504e-21
0.04040670258639602	5420339773439402e-24	0.06465679426330663	0.8928256846754656	211410331541483e-20	10439240630314208e-27	418312053509582e-21	0.002108280628683659
15359252995540756e-21	9260641379875358e-29	9638856763352529e-28	0.6396898078026652	8597250556182559e-22	0.360293971294835	15140449183173875e-25	40934725114658585e-26
15245373526142208e-22	4548924575546854e-21	0.23319107014676757	0.7635861309054847	0.0020261508839755065	3128316517501986e-33	0.0011050188412958036	8555576054782795e-20
5178515490705018e-23	8410437332354879e-27	5612543943622804e-22	0.9999016077158837	9777900589946447e-20	39404056118516035e-29	6442688818137575e-26	1654378478907405e-25
0.004307854172666274	32158593576229745e-23	54807298787703205e-27	0.8072038252485417	0.18821719252944624	0.00020990589834414536	596257405177129e-19	12747697401670112e-22
3672351663240599e-26	928316757317589e-30	1029366371620545e-22	0.9926065578189853	1980049342432064e-26	0.007393339182481526	31487937097656467e-28	22211646427796193e-28
1991998913061645e-21	17402648695021928e-28	8499483845760129e-24	0.939823932745549	0.0011731122397578258	0.00030477386252581666	38079270285975637e-22	0.05869237272500182
1768617523725438e-28	24756969851036368e-27	0.36253671728115344	0.6369206633707933	22259101759300772e-24	0.0005425160610247563	8098708443357107e-23	15908898659846007e-27
2249269046354888e-23	6417635137039071e-22	0.005193293250606268	0.9947914624702482	884736049230954e-21	12574253798473979e-21	28272662460953067e-25	11182058283295559e-22
9359954685350724e-20	8271286785662044e-22	1040655879686059e-25	0.999334794328529	5198115693095772e-22	4348434392170923e-21	16043125815089163e-22	0.0005643063333307171
14933948400502578e-25	13866897749592646e-22	23721027346485285e-24	0.856241940296658	1098269826654336e-20	5312373536196907e-20	0.14152178605190752	0.0021707553136094734
0.08570354577911218	0.3493984182060494	0.004195636977211364	0.4082831689741898	7380348710731396e-25	0.00042196526059480653	0.13118751950594992	0.02080974455885773
21097702451826766e-24	2285857404255323e-27	3572304479684715e-28	0.9999838592883374	16119610986829574e-21	32913217917387893e-29	6514216392692503e-31	1690750003513033e-31
0.010993793548345078	575926697643802e-23	0.0036804639003252403	0.9797251749517969	0.005596915399852409	1357254235973296e-24	770522877134308e-27	36450823883355543e-22
0.0016205507964036701	0.0011071578747956223	5267764693475032e-21	0.9928100064667369	0.003559591055171615	12239827256653282e-21	8043299549674529e-20	0.0008047532194457754
8962639832113631e-28	22078767654727128e-30	0.0003228752062478927	0.9996746307073703	56203773206590195e-37	6300495242335164e-23	9281432525684378e-22	15029372575982937e-22
14863507660323526e-26	858214090714274e-28	256260439780702e-21	0.9998916985138139	5569446447107357e-24	0.00010799484735062151	4466017075844443e-23	5748923789075614e-29
21324262684607992e-25	47691450629416154e-27	0.0003368823160951324	0.5960015829511374	965307857681022e-24	12040676561544132e-21	0.4036494842431675	6667612224901521e-24
0.007089197450777652	6515782164452144e-24	18115737918058061e-25	0.9923533829085572	0.0005424327524491628	14978445720295846e-21	11513050369223582e-26	959383504751827e-29
39011903952130685e-25	12420572409446629e-25	12951755244338683e-29	0.9999997810241625	6469614829281648e-24	4812544950936206e-26	18548205445807164e-28	2073128655148209e-22
33180819960052427e-22	0.30817281793538187	1429934711077864e-23	0.6918238409084961	28612096977722547e-25	5149071838059558e-24	2632185489884611e-27	761865262625139e-24
3188931910089469e-23	0.00023729348978841392	30065843942866294e-23	0.9997605973192693	64707238874324135e-34	9594876146801313e-22	579422150139468e-28	817155512252084e-21
3103384621416512e-20	0.00014731692804976715	0.0002198429546691131	0.9996010989302625	3883710880058416e-22	26474030760621135e-25	21648703779881242e-23	9983527627478871e-23
2143983598002108e-22	4635614789766574e-22	13195961865669937e-25	0.9999984238676576	32918658385715937e-28	8379713359138866e-22	5679372312485241e-26	5882148520140451e-23
0.0032984713108904556	458667941077583e-19	0.13105778968415405	0.8183248456533638	23258174551115028e-25	21516591898527413e-28	0.002632904413932607	0.04464011981558194
8634600767933144e-25	16558913458377318e-32	9238825613899325e-22	0.9997025008449099	5629609675220956e-23	20716437964172274e-27	22758017655352386e-28	0.0002965180899811266
5812142333337356e-25	0.10671409959996933	54670908600664e-37	14381134584997637e-24	0.8932838885067624	1975468405486988e-21	2130040898932816e-23	1621032987976779e-25
0.01517201864923397	0.05075112226313812	0.00036881648061585934	35640612542516496e-26	0.9248255515497006	9392069778513866e-23	0.008882391542282621	52379246024323e-22
9208161270590909e-24	4049369013201962e-28	0.006361719922919173	26344894139032994e-32	0.9936382506886187	19749552590123337e-26	1108499595975393e-23	8897402810159902e-24
0.00014900970033394795	0.12287362319723891	33119037478676266e-22	9236689392821106e-25	0.8644942410033511	0.009307982555910234	0.00020129747058207143	0.0029705332451671804
12672463460757019e-21	0.0006679220825690508	0.00021617270818167757	3593807255675079e-27	0.9990103822657306	29205298057010537e-26	8605847824179474e-20	6791706168381661e-21
14590626846997042e-21	0.00018234822624542594	0.0006490262022192053	14843466297209611e-24	0.9456461592256603	1764840917267269e-26	0.0534852378879435	22622969970116747e-21
5560115270557548e-21	0.014973623578253091	318875169636491e-29	0.2984031211560668	0.6865361171090267	59696341608509566e-21	4709017202350836e-27	21881695062102647e-21
1627524577545671e-22	0.0005531213517826735	0.19124664519321455	9090700762327123e-24	0.5743283253093184	0.0012551811533476707	0.23200497970690379	0.0006115754422734842
4590757346703613e-21	0.0005285720132104516	3093743256682687e-22	14312233614081962e-30	0.9985047411248055	0.0009594521327098082	5561531890524904e-26	2334541972496333e-21
0.03788249217012929	8799234726037372e-26	0.024424097915285596	14956596663818665e-25	0.9373834645099426	6913454212527771e-20	6320686846150017e-20	0.0001776024104034517
0.00011565528710702433	0.05718916161617891	0.10966968332639584	0.00011683336373887757	0.8315095821673155	3821147097589489e-20	0.0009433181507262276	0.00041755461756193236
55405539071081406e-30	1828836458727328e-27	8039778467500586e-22	0.016290881856950715	0.6637215205832705	11101559659414625e-22	0.3199856833976353	2644737630738922e-26
5983891589908211e-26	0.012491263316015074	817869910105067e-27	4823138446904047e-28	0.9875026684802221	34068763566872944e-27	6068103435091415e-21	51210510974631705e-28
2701388390668086e-34	5957907621913535e-27	78021812105415e-29	3396508188432512e-27	0.9999999999906422	3962143256418556e-31	5159871958157183e-31	6748671786343913e-33
5072451089377643e-26	507279458347695e-25	35312522717575553e-21	2640149864446168e-26	0.9999445700192862	2011633113928742e-20	27571210571244796e-28	9962461210077035e-25
0.012757482232555748	4655715610397114e-26	697601214423657e-23	8679766515491883e-21	0.5776873524964046	17744363494705206e-21	0.4066417271158482	0.0028870070026126163
645585283092068e-19	6733386439351104e-26	10423936064387218e-23	0.0012520958012779727	0.9305598029407016	3738260588787655e-24	0.06808154755157288	4188713318413023e-20
0.0026232447263973314	0.0033704826801631274	3149105352527056e-25	33996161128963e-20	0.9940059322871029	83055569863633e-25	6994009120464051e-27	14514869783749609e-27
0.00012795622272753705	9295226398738361e-21	16919550771775727e-25	34810674838123556e-26	0.9954615159110753	0.004356456897651068	44773702057075154e-21	2819803490385959e-29
1458282170220729e-25	5282828063654021e-27	5491404985971798e-30	44576397369173506e-25	0.9999974010909639	6231963949117983e-23	25319806073515082e-22	3421092601339021e-29
1544497783862342e-22	0.0001233717173457599	0.0031083962537125725	3627771552813191e-21	0.9967596143497288	5035948658397543e-27	17718841574125249e-25	4833680961959504e-21
0.10343028278951469	3953582760173423e-26	0.001076423186665471	10202444239017281e-23	0.8950060777538871	43625237531682533e-32	0.00036751735887231125	0.00011959684708185968
4770705819290008e-28	8211538441543875e-23	18955062797163194e-28	991221367969591e-24	0.9998227483775336	26189233489704777e-21	49883604096925505e-31	0.00015097927999481887
9827100434744485e-29	34414196360321163e-26	7454889302525357e-22	1637305311742925e-23	0.9999921853348654	25677790514122747e-23	7268523761433725e-23	6722995768102951e-21
0.00016608687640892224	0.020042602689204006	1387018999702349e-20	0.006222872527076642	0.5044706293263053	0.23148223763989517	0.2376016986358269	21152856639307736e-25
30759918930627444e-29	1116300837493443e-26	0.0005683246025841729	10349786868519181e-25	0.9992724299649264	0.00015918416329919213	5373499291361426e-23	6487747497018454e-24
27381380655182793e-25	2708682731230859e-22	33218337444718143e-24	8712301054205037e-25	0.999529342634734	4378849718713728e-20	2598111946673327e-28	0.00042656117184020504
7238264668576797e-21	17902903014020504e-22	2066278745066808e-20	0.024922515529932333	0.9744965795134005	0.0005442202771590332	4991773242202876e-22	6494159763432753e-21
12732408098670146e-23	0.000886534194616572	0.00012186537790539689	7504512571795204e-24	0.9989848666404346	4575645694827904e-24	12419219520048303e-23	6470190609569187e-21
6089141882723081e-24	50498504745050414e-30	4412109953656353e-34	756588853761182e-29	0.9999999939102686	5296775186352457e-28	11818295014107317e-32	4127937242585932e-33
3140808006355269e-23	9776843098966032e-21	13949340779610187e-27	21111689266147665e-21	0.6471127768493865	0.352779986538973	4232007455327209e-22	7589345650023761e-20
27758946046682366e-28	6452613467074614e-21	7558094268449827e-28	11186524308015251e-26	0.7176463548410641	0.2823471921039023	3102561001022535e-26	2951442498437106e-25
4505207901844648e-25	19383817713553524e-28	10090941646423659e-26	6971116564172406e-26	41187481395373195e-32	0.999997094711375	2904665408266027e-21	13809691013269178e-29
8574867418567941e-22	15174399815473171e-21	0.06361433308210365	7558065852310806e-20	13328413571308413e-25	0.9362939315436093	4449135752916279e-24	11704722927035804e-23
1197691651763951e-20	1863273161014127e-29	0.0009468838354346657	6767548987768791e-28	0.10390396960325488	0.8874160122929438	13951823290689182e-22	0.00771976216882392
9422984599365464e-24	2661237822609241e-22	0.0005348564143632774	33364504509801118e-22	38583758543609753e-21	0.9994166761837481	34932506427610855e-25	6268152876034637e-21
11653295788583695e-26	3837662250493925e-21	16377632382574478e-30	51452619602078616e-30	0.00016875352974664518	0.9998272560031228	15233368767453354e-23	35459301112748913e-26
7067603391920011e-34	21426995322509411e-35	6970426070317782e-34	10838855422184868e-28	11295000834332308e-21	0.9999887020751477	2922934204118052e-24	4796568368858375e-31
0.16646641913271537	31542843883163575e-33	698935438376952e-23	0.4021882832648265	1549312767972349e-22	0.43134513522780377	448330594758607e-24	5690885921651154e-27
32913635418494304e-31	16782697063615467e-27	0.13075355781162473	4808352834232739e-20	53917691133941994e-27	0.590321890381318	8170200564796172e-20	0.278794766202363
0.0006367844704305645	0.06581159578670893	0.02260438310424656	10009282802620139e-26	9092399757477882e-21	0.9107184699567615	45168161725427034e-27	0.0002196741368336194
5450668177205887e-25	0.0005712948684727707	0.016347445349416023	7161417328891106e-20	0.03481730633857458	0.9476079614342416	0.0005757994101065773	8577880832616706e-21
0.0058411050333857795	24920970177505104e-24	367609766492122e-22	0.020011541860360704	8793827862954255e-23	0.9741453066343644	18963302155901778e-22	5214477374081546e-25
0.13335795799604092	2182169191860657e-23	9662724763058589e-26	0.0001102645710111626	11645850200627685e-24	0.8665313892535543	3524991826686076e-22	21160415935481055e-25
0.00042861517188320263	0.0005008548788013619	5134817900573197e-24	0.11667584068412294	0.05281651825011541	0.8275137398838622	0.0017624124410581	0.00030201355533950676
3270244096175243e-21	10611008143872786e-29	26715007451879247e-21	9065854732014292e-22	10370547787508002e-25	0.9999687045395138	40256821871688197e-23	1808605355039532e-26
33194281254094696e-28	6287902062260969e-26	0.0016692408922421595	3437916995068051e-26	10276640171440411e-26	0.9981356005226248	8727991701809877e-21	0.00018643039008563644
0.00023857646675837587	13402713322747309e-25	11218130671941409e-22	0.06477249404204675	0.0004353894580449905	0.7484993039650311	0.07651103573934492	0.10954207717543513
0.00973401462289044	0.00384028874772749	3713698180850237e-23	9477958492289469e-21	6028159997976558e-21	0.73146546205104	0.2549446437428453	47580024595754894e-24
47948838013702526e-28	9856993651134894e-23	15376161679874903e-25	0.00013289048629095795	560051808801576e-23	0.9998670033430025	11139771135016171e-29	4577301604891305e-25
0.0002685473064487567	4406931495076026e-24	3136938396280089e-21	0.10878871981114083	1127974785599099e-20	0.8872478151402066	0.003571831958748035	0.0001086646902723616
13305889636888245e-23	0.20988020180347153	11707868969981499e-23	52511893574080216e-24	1307581096594154e-23	0.7901194823258236	8244134648121244e-31	14541401951412151e-26
7774237877266755e-29	12416475394933524e-23	15704252346628289e-25	1741647004549962e-20	13835036172073528e-24	0.9822594771850662	0.01772296677459247	3974961354589453e-30
0.04846784212074685	4731747292560736e-20	0.020378613709420183	0.007475336175427652	26125380223348767e-24	0.9234244295881685	0.0002050255712680121	14092366624350626e-22
11822994400579565e-25	4326529614399521e-26	25599077519038494e-27	8008886496823268e-25	4242347853825437e-20	0.9950596239455355	5381594373916525e-26	0.0048979504700565595
0.06683047680930194	8695901765510243e-39	0.0009071883246265601	3215488639685616e-24	0.012573057888052443	0.9196892229086348	34936200008328203e-30	5085386153795322e-23
3320706959494963e-26	18947460953527426e-28	25388314651028877e-21	0.00025909727765582305	51922298238602065e-27	0.9975728575637329	10583888364228075e-26	0.002142656651097995
0.06175819951059074	0.00011933164009351297	0.03374358570324431	0.05169303722183766	18223192020992715e-23	0.8516630649714692	0.0010225842274759031	14493368374627336e-24
33784746500272805e-25	15621701391255864e-34	16343713826186906e-24	44233080565613254e-29	2484262480118381e-28	0.9999999800418531	23526818836073726e-26	11098364587717394e-31
0.0014045125245124982	12688935637848123e-22	153251180422429e-21	1833966344683588e-23	19683609462150287e-22	0.7740666139948855	0.008221039866732427	0.2163044247685153
13826813159504875e-26	4372104452259186e-24	6820685898900693e-21	14193205074156396e-25	23685161651946878e-23	0.9976561862126962	0.0023298393112275665	6911008868040162e-21
0.010108228761269926	2483435026232933e-21	17693229217498973e-21	0.21520240822561995	0.0003261743369258748	0.7738360265755214	0.0005069178618895062	675745299603928e-22
0.0005703068903943156	10303377843264571e-28	16326995593778632e-21	7129110914254647e-26	10459726403874463e-28	0.9994133660406391	15540303020852364e-32	68652861571243234e-31
22072214791591083e-24	5192470294708392e-22	0.24428890257265695	2536698516743454e-25	0.01893896254076334	0.7367653701496943	33006538079707665e-22	29225101640639747e-22
1615163396460632e-23	487864656877692e-24	2904321044937726e-26	0.055121421049093046	0.018120385988208417	0.9267127306218834	443240540665086e-19	11216182070821853e-22
717022160080419e-25	0.0004980764904129572	39915240061209814e-23	10304632684307196e-23	0.006235736563193074	0.9562511084085922	16211598531950142e-25	0.037014574646212155
10558321782628761e-24	7062534216717455e-25	18531123245836052e-32	5345693931357491e-28	0.007249053708704621	0.992750925805883	9220303652759188e-24	12978976252585105e-32
0.0003485736657980575	3654752223620528e-30	0.0011517461035074682	4418264141366557e-24	0.0002518202661004611	0.9982412341495528	1894924193723608e-23	66024475309857845e-22
12291922182400269e-24	23721096160202976e-24	3182868260016634e-22	1670882439125075e-26	0.0004154951567419104	0.9989607842309519	0.0006233662957523085	3031300497747968e-33
8106542792033776e-29	8969969376507669e-26	13064185293089506e-23	0.011014256552830566	0.1623735707612229	0.8266120366974716	37541297822486427e-30	5256803932098577e-24
8060622722599935e-24	46225258797680803e-36	0.007162803227660741	3310882243210442e-25	6314622489131938e-25	0.9923711510504823	0.00044305336050405727	22983338179872327e-21
1617102716455389e-28	5248796319608324e-25	7987350002596728e-24	4366574679738569e-23	11713102498416129e-27	0.99956596310328	0.0004339689595053176	15747364360090953e-24
14173878635481618e-26	6058992290626295e-20	3797494918460916e-21	0.0001764957001450501	0.0001907540831109487	1390398756683394e-30	0.9995683626566434	5340679386519578e-28
2928147133881629e-22	3446743093786319e-24	22862207513803155e-22	13539871229890084e-25	6163250521325224e-24	0.05652018197621757	0.9434772280243233	13070360794785526e-30
11840726699206209e-32	4969368408231358e-23	2049470725778152e-29	61202692641082115e-34	17155340079131596e-30	5931721004715035e-23	0.9999998909055623	8350663412625003e-26
26821945711018563e-24	9959679444921956e-21	20732744179500592e-21	0.004224082410525011	0.0015721077972365434	24217605413586947e-25	0.9941730880117131	11319486959303865e-26
0.4116741755734944	4478028875998513e-22	11358652100029522e-23	9019844281791354e-20	0.04023202857254669	32163874401046914e-25	0.5480030292606307	35447149454377273e-25
22577713988415316e-34	2923183650031257e-27	4139899548152087e-22	0.0016847112504244032	2168385149663407e-20	11754734310010435e-23	0.9982930733233395	345201250037785e-25
30162624223069065e-29	12380220173425014e-23	0.3199786229912504	19041877827097636e-29	0.021214873442041197	1719514210990095e-20	0.658789108393965	7622793895969921e-23
10127491081545019e-23	1410435957323003e-30	0.0016174770837423446	3906418593246973e-23	11286254384024055e-25	0.00025066379761519615	0.9981317073264216	10324497856411958e-24
9768559209361991e-29	29062677362029362e-21	23686630146978615e-31	21096211884380364e-29	2843095544563426e-23	13332431257954289e-25	0.9999709075581269	13690909088681828e-32
0.3804855122199469	36823394556034693e-25	39685918216761423e-23	3503766117347894e-25	7093386662618511e-25	20183235867202654e-29	0.6195046328550229	9453323592297154e-21
0.00028006211758547264	0.0011668062891905947	3155640975899316e-27	11709029924441846e-24	0.12171548066770753	17867255123176268e-21	0.855759665338401	0.02106010661980716
5700097799612047e-25	12019727502213168e-24	0.0001088599557686804	0.0002705647861077132	0.00011783315063779879	4404466883122652e-25	0.9995027285873886	4899128753087885e-25
615014114415216e-21	447205763495841e-19	0.03411307363684229	4062095876401117e-22	7266431207934674e-26	21828161351268123e-27	0.9654000268989198	0.00044115756969450497
7270586379327996e-26	33685539867307114e-24	6707476142860121e-27	14841028309296782e-22	7612509196756972e-21	2152981645148515e-21	0.9999887166413757	5652357054435107e-32
0.12990943058553756	53933561190157816e-22	6588653951782806e-26	11749142812315578e-23	0.01683460383732925	0.14780335571873116	0.7054470986390028	30596541953772675e-26
0.0014361862792708754	19948295189183074e-23	0.004383588290259443	6427097496419254e-20	0.16161014439145402	2369091966973167e-22	0.8313928324786206	0.0011125411932824793
0.0004094610554642474	0.033059624571150664	8920153005753436e-22	5503666436687161e-21	10735966573811367e-23	21115180292102948e-33	0.9665208251327755	35861992071493068e-22
18867880814944527e-22	217315874300416e-20	0.0005155217925441443	1290526902967911e-30	59528633049963565e-22	19474768705223937e-22	0.9981347775803575	0.001337740340096556
9472406411075574e-26	4606778117816989e-29	10613862563841845e-26	11494531362697658e-21	20858574073398393e-21	28358421665542267e-21	0.9999392847497129	35222768306668276e-25
8053408929252527e-28	0.006242956356734098	24335441194609424e-21	9677749023874014e-25	7700145282113474e-23	0.022439954553856514	0.9712926721049457	3573235156768528e-24
3240092795784439e-24	0.2922936338731785	0.026121083258324077	0.2887757598624395	0.0013606935907067718	0.03577255730329514	0.3556745784694738	16904024893957401e-22
19655838128417597e-28	17142985012123663e-25	8902766197050638e-23	559602745076058e-22	0.15949824457628275	12001591394460327e-26	0.8404997721267041	18364727962969777e-22
18306157343075074e-28	3938757923815733e-23	12602054825311147e-30	3666873120104342e-24	3912615206463251e-20	182244751876118e-22	0.9999608125671045	5973063256279124e-29
0.16655146159685813	0.00022899004574638865	0.03650350647866923	483511040239266e-22	8122898830998692e-21	0.16209833641658858	0.6346095342122021	16673392611248934e-33
6344393734701065e-25	121365609394678e-24	875138406736506e-22	8703804683377029e-22	0.00038576399749295717	0.0018886973732970811	0.9977245798794891	9960830227225534e-26
4360708820471811e-28	21291308927989784e-26	10188578068945382e-24	13421475818210447e-25	20533279791758275e-25	0.2978634633072373	0.7021209633540628	1555954129675532e-20
20382023213780882e-23	0.001634966417146334	0.00011937553694156711	325848952816257e-22	0.004670456882722834	22243316476144123e-21	0.9935465223121905	6199129395449439e-21
5926378094821411e-22	0.0057826767198325205	5976507789127726e-22	0.014796438302356017	43355952234648054e-26	0.008427359997790939	0.9709408376859215	51496571951163225e-21
4271935446229912e-22	8234049158948176e-34	0.3146735894284062	21535570731220054e-22	0.002217477276939656	0.00043979398577912213	0.6826509477790147	15610779242403485e-21
13819738750978747e-23	4716498835498691e-24	0.0010013455138514478	0.12076128718870563	4578416756769861e-23	3743126838298309e-23	0.8782371411311094	3701110377243199e-26
10759706600003695e-22	34357584610598716e-30	10511974851739998e-23	6690365162408703e-25	2898153930826182e-27	12830816635022674e-24	0.9998238478455878	0.0001749575612176775
21010780936677026e-30	3146714301060521e-25	506590555663073e-25	1899691319793305e-29	22926675210131874e-34	1027761116525887e-23	0.9999999890333627	3236557857732686e-25
18271131194925082e-24	0.010821138558322507	0.0006707788159800793	6561554962820956e-23	11618902679072352e-27	7620409987845531e-21	0.9885001036490225	27466838711647633e-23
20408399273309065e-24	0.00020864172397107073	13441896205240476e-24	12414654169465591e-22	3561080338228495e-21	31634063222898726e-24	1914906488530916e-23	0.9997864710968508
19512951325176095e-27	33041682294943434e-30	0.0063918889240535005	18984400181692725e-27	0.004721829289014094	14252296462033846e-22	0.00014408172606090831	0.9887407747926963
0.4265981567342868	11198590649758085e-24	7585121108972294e-25	0.04382399916448768	0.0002755196380536468	19718587585580753e-24	0.0049226315704267104	0.5243796612170553
24023993193035304e-32	7871465339047199e-24	23704993404274445e-21	30383765802803445e-28	6074536892716797e-28	12853930403489123e-29	824705085082893e-28	0.9999762871312717
33838774418918455e-25	0.008707443859670238	11680739780217965e-23	46411721901782e-20	18672652849383475e-29	0.002353966726787074	13101255523030857e-26	0.9889380049738493
0.24752200481444578	2677820859389551e-21	0.011319895242535311	4902643007648877e-20	0.08495531637683679	74059984056725975e-22	21575153155956438e-25	0.656143671159325
1055576799634253e-20	12531566835686833e-26	13349320897688794e-25	0.18882721463155855	0.02869042109711599	27438887581286135e-21	5860989036690107e-26	0.7824443680968897
0.018167511039692653	4915131042280209e-22	7501199608550696e-22	0.012031063338439184	3467375655843512e-27	1255397134410437e-20	2413782099199355e-23	0.9697876058761706
32576762626479817e-23	2839028989832393e-20	17068783488272636e-21	18826940512051833e-23	12033119179597552e-21	10790657683637118e-21	0.0012520517057274842	0.9986791514069913
0.01408403257391593	0.009891362756189272	43665711474240004e-22	0.011883309557742269	1374499302732686e-24	6623566766580879e-22	13988024635898728e-30	0.9641362648098146
2022090637979465e-23	917107762105933e-24	35200629882665735e-21	9673324999767326e-28	4420379064823483e-31	1112615900966833e-29	12064104675701625e-28	0.9999647782299173
1782210855321725e-23	20995886951744452e-23	6670528557043806e-25	29746044756849014e-26	0.00032439840912984626	17394454380014586e-23	4417259883031549e-23	0.999675154728236
0.18982783316288449	10181525506107075e-22	0.008465269364868772	3523680573420206e-24	6164373712453584e-20	0.0001682503118474792	54225583914152084e-24	0.8014759275214588
0.074203208270162	5425772104286966e-20	6722745810546163e-22	6881530499272804e-24	9989773177006443e-21	999067557346565e-21	7652670815353721e-24	0.9257308583592788
5371818986148541e-23	5475598611947218e-28	0.021491868729673274	0.025167593378650124	8518860722725383e-30	15998075047996106e-21	998230955549138e-21	0.9533234878669276
0.0001617275863269852	7258873639767235e-21	3691629326217399e-24	53703782918671995e-21	27704531179461055e-23	0.0389844644698299	9090865817761402e-25	0.9607925636412569
16730494699147305e-25	10340620103624158e-23	0.001499084790569126	0.21114841996100436	28481950598754914e-29	41127600113319706e-22	2645782417939361e-26	0.7873482773824227
9343572251475508e-26	4558447808395728e-23	8073701194907598e-32	13067758330579775e-27	40067523413946036e-24	2977170369541727e-29	1567977940278473e-22	0.9999997574436722
281140572716372e-19	0.004611556889420183	7052372379339967e-21	14953687517928581e-22	0.003032731793593489	0.001423207624386515	0.004453630642684918	0.9864422112515127
18137157697002177e-28	31474422018657157e-25	2395289755753871e-28	4381688612712004e-24	0.0025451210127600717	9159353448457152e-30	2603891208875814e-22	0.9974546110669261
