0.010125229517546495	-0.00016550987995533824	0.0001551358808419695	6105080948429851e-20	0.00034901119257115383	0.0002057210424950195	-0.00027119046331575613	-0.0003818835124492792
-0.00016550987995533824	0.009813680525058311	-0.00025450148957808225	0.0002158636101838573	-0.0005663638305691281	0.0001885450924977856	13774669300073804e-21	-2884117577936332e-20
0.0001551358808419695	-0.00025450148957808225	0.010815917173692362	-0.0003661670867754985	0.0002880898883775897	0.00025875139285909995	-0.00040096972675044535	-0.00020976323813500915
6105080948429851e-20	0.0002158636101838573	-0.0003661670867754985	0.009897323812237416	9719586689864672e-20	0.00029502249836595	-0.0002556172412747352	-0.00022124318613444123
0.00034901119257115383	-0.0005663638305691281	0.0002880898883775897	9719586689864672e-20	0.010106874003687314	-0.00037589721746314274	-0.00030274216561060595	-0.00018148783714817357
0.0002057210424950195	0.0001885450924977856	0.00025875139285909995	0.00029502249836595	-0.00037589721746314274	0.010085159647765213	-0.00019919661366192115	-0.00021542609696086716
-0.00027119046331575613	13774669300073804e-21	-0.00040096972675044535	-0.0002556172412747352	-0.00030274216561060595	-0.00019919661366192115	0.01045943010089114	0.00016813100627513486
-0.0003818835124492792	-2884117577936332e-20	-0.00020976323813500915	-0.00022124318613444123	-0.00018148783714817357	-0.00021542609696086716	0.00016813100627513486	0.009912881060430149
