0.01001335285574236	27196577702517258e-21	31966061954935504e-21	-918238939139931e-20	-5410942239856999e-21	-2203214239224766e-21	8072351174639703e-20	11767024483040811e-21	4356268502748766e-21	-26469204399066825e-21	2961221097948932e-20	56591203930464964e-21	5462500023363997e-20	-8244321651020291e-20	-10384566480202692e-21	-11218872947426284e-21	3364307272347826e-20	18350256914717103e-21	44831118117181094e-21	-7657922084669844e-21	149794544241891e-19	1341794750706919e-20	-12617994730568486e-21	24633467601529924e-21	-30274775346288873e-21	-4390106652028957e-21	-6597826008190094e-21	8335977193279008e-21	7877232130467577e-20	-18166479770275044e-21	3145109405171967e-20	48137630212085266e-21	1541878419210687e-20	-713668827720173e-20	-15695367329907846e-22	6498780601342396e-21	-4830716209678466e-20	-29284615731949147e-21	39523077600709733e-21	-28069419330055364e-21	18213509836257376e-21	-44924757417532284e-21	-8272142934182664e-21	25111423830566177e-21	-2922389393113485e-20	-1954508836113799e-20	37401173807027754e-21	15773362250068415e-21	-28713199175935627e-21	22066190176516785e-21	12664368711035857e-21	-10866278945000034e-21	19632502448898003e-21	4769701351791691e-21	-13538444289368211e-21	-14105270896288013e-21	-17082514541527502e-21	4999672589551395e-20	2462147997946229e-20	-10601183454961997e-21	-20573387285182007e-21	-12023297470243877e-21	-2079337439985501e-20	-61863703003880165e-22	-25447370817074006e-21	8969441411965587e-20	-1482653946359931e-20	-11483874194505149e-21	19622975147798528e-21	-11027911280680908e-21	18377080195760992e-21	-6845399818817948e-21	-1149596486108475e-20	-27264229730754546e-22	343289095198473e-19	6808758456666676e-21	169411615373272e-19	1605809272029117e-20	7685519116215666e-21	3930618598936064e-20	23206722155861292e-21	-12586097030470184e-21	1681964706665629e-20	-7120764518217808e-21	6209679477482622e-20	-3300671043110521e-20	-27039322595599327e-22	-21574226189348945e-21	-6481813039951546e-20	25523458937697987e-21	-9242112296761417e-21	7971153393657062e-21	32198309432922874e-21	2722518802800576e-20	35608674105978234e-21	-2623214684348098e-20	33971300582572664e-21	4823729045909834e-21	-14863233986953582e-22	-21177194553082385e-21
27196577702517258e-21	0.010024164071026749	51861791890541095e-22	-5013608327058591e-20	1322126204323302e-21	-2837089070858794e-20	-4139675158248004e-20	54557946149452e-18	307388664365742e-19	-38923697769219344e-21	32620799104270688e-22	14415687278091638e-21	1396564564888014e-20	8703156716100639e-21	35044919951044906e-21	-21870438727348358e-21	-3098854098865964e-20	-1007949189984002e-20	-16293283878939546e-21	12870544200642119e-21	-9304022009707517e-21	1557094765743307e-20	-35444915984952636e-21	42033055085162596e-21	46644561725975084e-21	-26144069761043636e-22	-4113931068541129e-21	19211341535103312e-21	3210852875485097e-20	2113213194683893e-20	4829779834356994e-21	5692898100593835e-21	-4693901236974106e-21	12274323922050813e-21	20673084479093343e-22	381491184180254e-19	3146331018056172e-20	36726013646063304e-22	201701163757235e-20	-3721704252124081e-21	4686237074615716e-21	-13643830263344429e-21	21040972890508252e-21	21772433652601995e-21	-12585366932936135e-21	-17437411862386656e-21	-11943841422492185e-21	2687651829872164e-20	-22956014627473696e-21	37514421034393734e-23	-2154205201703362e-20	23965683411081705e-21	46184898691333465e-21	243499520774444e-19	-16029753458098818e-21	-4559743649633925e-20	12315761874772322e-21	17388507890104522e-21	22518286703379103e-21	40318330468033935e-21	2313489592074221e-20	32781570568819234e-22	-8211413089782688e-21	-15246357355168105e-21	68588969766482865e-22	-3503455472379783e-20	45685247102564044e-21	26947261654119315e-21	-598248506479368e-20	16677310394974256e-21	40120840656589346e-21	2860417327945148e-20	-5190794515587851e-20	-20790281338690902e-21	-25522337317818487e-21	-33217064093483454e-21	-38895449106141584e-21	-4488174210847619e-20	-13238140986054867e-22	-13323023167085027e-21	38372048331069694e-21	-12603778026336478e-21	9033974654788045e-21	-6076057718412777e-21	-19573134154474036e-21	-1527684713413128e-20	-3050085856515973e-20	59510190070224294e-21	-12730711456838565e-21	3418449478704335e-20	-9829839590467134e-21	-3805107041785926e-20	-5150050050865926e-22	15362548281487455e-21	-3539010445361182e-20	-20377395269562806e-21	5906566063012437e-20	-6197094849438022e-21	-3474847967946191e-20	23655742015925276e-21
31966061954935504e-21	51861791890541095e-22	0.009978900000998076	-21691361980324404e-21	-2901671293909716e-21	-23842385864193346e-21	-10689503067357772e-21	6954192791430857e-20	-23082602311972118e-21	-2506988941061444e-20	11738886435872192e-22	2601096232193783e-20	-3841437464145346e-20	-31195129907851487e-21	13014501041210025e-21	-3708948884418288e-20	3560040763960255e-20	18660756864074426e-21	-30246529140021314e-21	-15045266998546062e-21	-18276535488143918e-21	41633563830243195e-21	-9423648914005534e-21	32409015581325714e-21	46087824816018424e-21	17666916053838716e-22	-865211634114386e-20	4244240656300819e-21	4698884816293992e-20	-55458466390011385e-21	-33073187510861425e-21	14800869673101866e-21	-76053362898811875e-22	-2381640664175957e-20	2385021223948597e-20	5354288867752382e-21	-25891824923227993e-21	2659376695855451e-20	-41777673512645086e-21	30136586636634385e-21	41115195506406435e-21	14443647292067608e-21	-1934350896260387e-20	-23087085366510228e-21	-3365601128939079e-20	9652469555532291e-21	-4930235100207173e-20	1606882321991926e-20	10968689211105827e-21	3436665594473374e-20	-4152938413719375e-20	3451713308247402e-22	21610276813467166e-21	-31442270307006834e-21	41198650610907665e-21	-33224672094105175e-21	-21382612227231584e-21	1938283871002978e-21	-66927033053026245e-22	16672447608212646e-21	-13538716850994753e-22	-19997413441471022e-21	32163576805373826e-21	-7089495971176678e-20	-22102361866111548e-21	-9521529512796281e-20	-4343579973498421e-20	-4823596937583234e-21	51199546182785864e-21	-2532174516788461e-20	8323013671524194e-21	-9801040836238963e-21	-5192062815265907e-20	1686755176733908e-20	66269871391727925e-22	-4438465751797043e-21	-3883922013567982e-20	52318610102415226e-21	-33575497604357326e-21	-1327331818025676e-20	6298965555144726e-20	-28565983751827978e-22	3583669397524202e-20	-6221096702541418e-21	-23594208145304484e-21	-14551814245198391e-21	7705310844843267e-22	-12288237650198353e-21	20807890460544546e-21	900512326522925e-20	32606959526337413e-22	-46377498426709384e-21	18382815893606855e-21	-1841122865295875e-21	14457396776526522e-21	9707431431936487e-21	-1881791526917237e-21	-39969252567228026e-21	12068429891863017e-21	-4556619679055064e-21
-918238939139931e-20	-5013608327058591e-20	-21691361980324404e-21	0.009974136636608186	-27939582141416e-18	-54382488881540646e-21	-160051331381518e-19	2465955143630111e-20	-4087606639130617e-20	-48524248509290455e-21	3979661592899001e-20	2952608514749679e-20	1669397337369717e-21	-11230743972054367e-22	-1820954846553212e-20	18169016697901466e-21	35061149824130096e-22	25700881844764798e-21	18091530300685556e-21	-4637712060164866e-20	23645591302746233e-21	-28142066115373693e-21	-3227770132995937e-20	10492385894491079e-21	7904518169109989e-22	-5275794098054776e-20	465398623382356e-19	1859025252279271e-20	-18143513081977155e-21	-5214199724277384e-21	7984182077436726e-20	4629996832221072e-21	-2881039145667949e-20	-1114855839551108e-21	-4703906047419721e-21	-6550904725118681e-20	-16866081813202823e-21	-24135115536050967e-21	3871627681087062e-21	47860939442240186e-21	-23670725170540033e-21	-21378207780391462e-21	-3508387366349692e-20	1519707672415979e-20	-1892884371931275e-20	-662141782359183e-19	-41168067005591264e-21	7686371773761125e-20	37508567835335997e-21	22363205589547037e-21	20668538423758665e-21	23978906150717683e-21	23110215967455078e-21	-7586166086920314e-20	-30479117950382624e-22	-8239392704398087e-21	-3614906826327188e-20	10951852608962036e-22	1932414871475965e-20	4299613763044013e-20	-51382748285208465e-21	3755326205101603e-20	-22418213099291554e-21	-16468491806268346e-22	8136279181129366e-21	-44368146195205626e-21	11193835526187272e-21	3949785267549114e-20	48930807741997855e-21	-1989405761665727e-20	2703565985660143e-21	-51451959488961427e-21	11549099627904892e-21	1650733066842646e-20	21380482026306846e-23	-13436088066358262e-21	-21136558966279627e-21	-35138547741451734e-22	5217975097701562e-21	-17659789250871821e-22	16836613096614696e-22	-8297318140294403e-21	-3920993521151618e-20	838338289728533e-19	-13716171461004785e-21	-7833626176599466e-21	-8957266026573699e-21	-7173505250834659e-20	4470206451945517e-20	-28428225382941507e-21	-18995154199194266e-21	-4522803594163148e-20	26217339526825757e-22	24294827314737938e-21	1223542978417234e-20	56534478522762306e-21	-2799728245844043e-20	30641489195246696e-23	-4651697142451453e-21	12465871386215105e-21
-5410942239856999e-21	1322126204323302e-21	-2901671293909716e-21	-27939582141416e-18	0.010051232361841654	-21025959893129208e-21	-1055862966460986e-20	3017925949454318e-20	-26052180884106285e-21	-4829602263512972e-21	5279961205518333e-21	-58213403206792215e-22	-11551164765460846e-21	-28205179345510887e-21	-12777645458942014e-22	1645377672170214e-21	10435981161362713e-21	-17738984695698513e-23	2949327459398838e-20	-24107888913236423e-21	28852053816741e-18	1213244789592785e-20	1125566468883047e-20	-7328104857828096e-21	-6175785624108055e-21	-24804025784250067e-22	2264404136493846e-20	-4739128709213909e-20	6970288446810159e-20	550017789643102e-20	-39458061639992393e-21	-26987511666920683e-21	-5340461360126132e-20	-4054004623469458e-20	61689180648139485e-22	-71072003354066185e-22	8809681453303596e-21	46870062291185106e-21	-4586658778183765e-20	-22927795437518593e-21	-2574245036603766e-21	-52358673408999766e-22	19269030173702223e-23	26107633771047044e-23	-4423403041969303e-21	3056232648782211e-20	-24932071721953925e-21	2544393293686928e-20	0.00011212670041502439	-18294060097395607e-22	11872012869035345e-21	-3858297687638388e-20	1496181884676551e-20	4171558835663499e-20	-4424438220874668e-20	566087459950094e-19	-5004579163165337e-21	9981642997286366e-21	-23519785676193665e-22	-655767544506103e-20	23976186515644606e-21	-13087282607931813e-21	22550053891208857e-21	-24083269642789928e-21	-22667837255859657e-22	-16870684387617144e-21	16265904935512075e-21	-866518070059194e-20	7447829544933972e-20	2957460514659822e-21	4996543948216001e-21	-43974308519977784e-21	4700132552051219e-20	-6045862255827442e-21	4905037995507954e-20	-18833699753087882e-21	51760824624801665e-22	-690431611753138e-20	27791361827906113e-21	-5684863541748653e-20	-20217140977795344e-22	11909636318476858e-21	-27033904762826637e-21	15370269830148693e-21	-28684673926296908e-21	22525628778121287e-21	-25995065560692796e-22	22561638119787045e-21	3374355763453683e-20	-31602678771666606e-21	-4369509483511648e-20	7847919921423477e-21	28522867775035584e-21	-1122746570007241e-20	-8801777809595204e-21	-421546088824982e-19	10929697475364197e-21	-5105571535352495e-20	-19113663086636385e-21	431907744765772e-19
-2203214239224766e-21	-2837089070858794e-20	-23842385864193346e-21	-54382488881540646e-21	-21025959893129208e-21	0.010092965028276148	-3951226621248738e-20	-31664118842874236e-21	-4238946831597058e-20	-56266001480566595e-22	42389841460797325e-21	-1001628420779925e-20	-24664617964425613e-21	-2508774347990696e-20	-19187135297958046e-21	5848695257977081e-20	2847238734270476e-20	5883157573876491e-20	-3346869887028165e-20	-19639055651857684e-21	-6368313072766576e-20	-10034105350024795e-21	-3935169410136597e-20	21336296007283382e-21	-36565462310452785e-21	4600283895429949e-20	-6936348892361591e-20	20714028563645673e-21	-3765414607216862e-20	-6340639651230751e-20	-376853860253199e-19	47520652948648565e-21	-1891850725783063e-21	-4054464135217815e-21	-23816736203065497e-21	-9880353121939359e-21	36062843131490956e-21	-12740700837192333e-21	7637950744040502e-21	-368655164803364e-19	-31597222615078074e-21	-7237290394020902e-21	1907902683935443e-20	-21475492511554116e-21	-21079394127582725e-21	-3860591063625298e-20	-13215531523505972e-22	23370205814639583e-22	-21550246848207424e-21	16639469711611225e-21	22118520602713507e-21	5979974807652913e-20	-11967826277623685e-21	46141255523480404e-21	-3151985990246223e-20	1126037135443183e-20	-7049556185249432e-21	73398477480900045e-22	8245662593043275e-20	-19432380551205717e-21	12557950006120003e-21	19957569469402873e-21	12164316175984885e-21	-4069976306832815e-20	21530053517862256e-21	7614749593649326e-21	-12756097171585865e-22	-59287133954513684e-21	66640612541342544e-22	-10839301208329884e-21	-12893816192164939e-21	29626473809825773e-21	-2803639660361011e-20	-1685429580620797e-20	-4819108650089584e-20	3995166716073769e-21	23819295222782046e-21	32389427171283336e-21	-8698183605851186e-22	41487977414182486e-21	-1717039782353805e-20	5247033100240153e-21	-12352836439183166e-22	-43175153617953406e-21	2486883013888931e-21	12838295706978118e-21	45559919720081075e-21	-16082653801223345e-21	128896330291251e-19	28149628540935737e-22	-6990223721575291e-20	-397104548170885e-19	24485366044513714e-21	34265762627885896e-21	-20334904747441912e-21	-13987395700319606e-21	-8775723696240557e-21	-6450840554586487e-20	-42901428933867464e-21	3244116672545978e-20
8072351174639703e-20	-4139675158248004e-20	-10689503067357772e-21	-160051331381518e-19	-1055862966460986e-20	-3951226621248738e-20	0.010053379448173852	-4456592033891321e-20	5229774827036797e-21	-7125568439896295e-23	2963259247937411e-20	-6972846851883399e-21	-20588870149706223e-21	-24061123425443533e-21	-1747384359663898e-20	-30029369694967497e-21	15649510619507975e-21	17002946365071355e-21	-26644163255209824e-21	33800254091697988e-22	-5309687553495718e-21	6110406729901737e-21	-24541624253463003e-21	4041973007479458e-20	-15235544744758129e-21	2745128650236751e-20	23744590717441642e-21	-3658492598013638e-20	4800395773286342e-20	-4284876004020229e-20	-3850805531620229e-20	-7979503635062412e-21	-40931100311365095e-21	-17745902247273686e-21	-51197632500418805e-21	8035453271016522e-21	-4769237443624375e-21	-4319016060499557e-20	-5314145649711261e-20	-19975223141379568e-21	617286916062024e-20	44768618264747655e-21	20600210682177612e-21	6325568370535174e-21	9579019427175e-19	-965590035449284e-20	39674158508330607e-21	19220293175749904e-21	-4125159909853956e-20	2744183322329178e-20	-17908821690732032e-21	-3672086795927534e-20	-3449127129699211e-20	23101884479723336e-21	57272008660875595e-21	-57864266420269554e-21	-10445059795346059e-21	39825822516733426e-21	-34032793802624675e-21	2546810505485048e-20	-16368797130476088e-21	-47011285772540744e-21	-4076040543434898e-20	11084065099791564e-21	6669783378007516e-21	-53625317451567904e-21	24701992717723766e-21	-7514509483445505e-20	-9783746216190027e-21	-33682252074872966e-21	-32109901273704946e-21	5692227762950954e-21	-8335970426056477e-21	11274606114813648e-21	12355475824594769e-21	-689703399025417e-19	-2208608783926215e-20	23429512625230132e-21	-8998453973213016e-21	11932968086174686e-21	-12210297260572155e-21	-4937092723638865e-20	-30631096769092006e-21	33821804695440924e-21	5555619680488485e-20	-4204119534235282e-20	-4023793443405175e-20	7467869955943616e-20	14396191890118962e-21	-14368848250771219e-21	3669133436095694e-20	5152138196224582e-20	-339536354455867e-20	13081548673193214e-21	-4020640514361365e-20	20421089423339376e-22	-212587284154056e-19	27173444068223327e-21	-9857374570490688e-21	-3404492901656266e-20
11767024483040811e-21	54557946149452e-18	6954192791430857e-20	2465955143630111e-20	3017925949454318e-20	-31664118842874236e-21	-4456592033891321e-20	0.010010248050763908	2066618568397338e-20	-7388184333799919e-21	7384515041396872e-21	1458126702844379e-20	-37449831485693124e-21	-28871198391906268e-21	-2274181492178701e-20	-15968750810815013e-21	4210394297233093e-20	-43572617861253977e-21	17960931380355914e-21	-14283857247255546e-21	-27403327187146237e-21	-8306466185571401e-21	2861092560913447e-20	-6724732943881783e-21	10739804671699325e-21	-29153174064588718e-21	-44218934760855725e-21	-19082571935767827e-21	5071741082464899e-21	-13539291919850097e-22	1888814360526012e-20	7392335168871403e-21	8519435035777497e-21	-9222272096324547e-20	-6661449166441337e-22	672195406385929e-19	1932573729412326e-20	26778058355341074e-21	14247371134454846e-21	788685955120745e-20	44003703258372196e-21	-5704483545344735e-21	2123105474773048e-20	52627388590168645e-21	5078815859455905e-20	-354785397740653e-19	-6215124083938559e-20	-8548387587718183e-20	-70143446525685096e-22	-28039429519037803e-21	45265074222799295e-21	-17235249428247347e-21	17147949581849313e-21	-30260021959857508e-21	2322097809388715e-20	-12465464303915346e-21	3239298593964031e-20	3358527260666487e-20	49232008984119965e-21	4846031720452003e-20	22355844916266155e-21	11267372650832386e-21	-2302201329581232e-20	54295894491260326e-21	32102610398750645e-22	-18582340342338292e-21	4470449409909834e-20	-4453359864514129e-20	-7601000864265679e-21	-3917287234243566e-20	1923843809304964e-20	5820303160895061e-20	3903158463098853e-21	16435591368571355e-21	-915628057493342e-19	3272281397689979e-20	-630926525839029e-19	46456785934162305e-21	4586338131575171e-20	-6526693936165437e-20	3245753388472331e-20	-7788105739850345e-21	-13863954901493175e-21	254680052115688e-19	-38603852124740096e-21	-24195875064548957e-21	-11624507816107286e-21	17070205094976325e-21	2534828449708332e-20	-17106112741291446e-21	-3569274403591821e-20	3956229576835859e-21	-19114012237172888e-21	3662171288979284e-20	7044995510118463e-20	-33196625891998384e-21	-71310550015835175e-22	27823934588165305e-21	14033320520876961e-21	32950545832432124e-21
4356268502748766e-21	307388664365742e-19	-23082602311972118e-21	-4087606639130617e-20	-26052180884106285e-21	-4238946831597058e-20	5229774827036797e-21	2066618568397338e-20	0.009976829520160064	-428451636008006e-19	32107530499079496e-21	-14492472593160892e-21	-2472194308147117e-20	1482004878289463e-20	-17738322083006663e-21	27738347775271422e-21	32528228769080954e-21	-50857650401346615e-21	35582056450235944e-21	12530648274402215e-21	-15331299549079884e-22	2996679977236771e-20	3089480718679767e-20	-3942308742865581e-20	-34825785400015883e-21	-13726502463488892e-21	-36097537241846005e-21	-4910547848008336e-21	-17283491713402407e-21	4600142797598448e-20	-21685782634270006e-22	22206355229908962e-21	-26909044511796113e-22	25221150750071522e-21	-11036016944778123e-21	4096144752052653e-20	17756729117085718e-21	-9372389447577209e-21	15982764323921053e-21	-5809678664803343e-22	46727586736433075e-21	8455735820167839e-21	-2078814014115505e-20	-18158814592133897e-21	-10911943478151485e-21	4418393794470914e-20	11257613130930461e-21	4572560964550392e-21	3635172408156447e-20	-7804525274700841e-21	4591134894725334e-20	15964054079138948e-21	6016029468454598e-21	-6720835173451346e-20	3093753558165452e-20	54834463877211495e-21	-24981918021082174e-21	-1853134046945432e-20	4311845263452848e-20	-4721148871081405e-20	-5501233100835271e-20	-2171775583625125e-20	13820592213210613e-21	825080776962207e-19	11213540039353437e-21	-14040250642194514e-21	-14816320351037886e-21	-54318810292207976e-21	46214248039847533e-21	29176558330060875e-21	59392961635049805e-22	10119495354436471e-21	-3025266940367914e-20	10503030407638232e-21	5818908845917898e-21	13697930163112608e-21	46314021616882225e-21	54168782325037624e-21	8574837332915423e-21	-13158305069230977e-21	-3701830986777958e-20	14514384257607162e-21	-4554464404771911e-20	-45145436337578776e-21	5533039771502996e-20	17092898862076987e-23	-50769188730105504e-22	-40027239644625834e-21	12748561280266506e-21	22953284358144845e-21	-7076865472473941e-20	-4264435445485454e-20	-12184981255043695e-21	15340908435743153e-21	9428017256418596e-21	-20597377194903634e-21	-22113550565453366e-21	-20896926333337352e-21	-11442171753870422e-21	17947864364139857e-21
-26469204399066825e-21	-38923697769219344e-21	-2506988941061444e-20	-48524248509290455e-21	-4829602263512972e-21	-56266001480566595e-22	-7125568439896295e-23	-7388184333799919e-21	-428451636008006e-19	0.009959824809426409	50054417660658634e-21	28588030308392492e-21	26986123168305862e-21	3919139682931186e-20	-825891922393433e-20	2753012609707947e-20	-5173204216675142e-20	-18874909971529957e-21	44215919663814445e-21	-4437819971465943e-20	-56579844303194946e-21	-27568916104782336e-21	-3800117855640614e-20	-7669361319287055e-21	36902989879501074e-21	-1612288628822494e-20	16825851962084806e-21	21615453976131215e-21	-21947758408110606e-21	3081043109028337e-20	60046098695600685e-22	9475960595260518e-21	3588190638666769e-20	-10349551300044016e-21	-4629047484707488e-20	-5326218520899419e-20	-8324954971494554e-21	-7692623559994566e-20	6684411824550539e-21	-4891937063323243e-20	5645729927978865e-20	-4067399959696242e-20	7650199696338773e-20	3547426754771989e-20	32670257147461647e-21	873530833706671e-20	-16499247646012267e-21	1967664693859632e-20	-12325566200330686e-21	-363710261760154e-19	21877341313006162e-21	-7782914231100193e-21	-30509261753396602e-21	-4376315696058201e-21	14514766907133474e-21	32699560637437347e-22	-47375831949289054e-21	-49334475660984375e-21	-9596222684478038e-23	-3234724484364507e-20	2818900622803914e-20	-4475411044164114e-20	-7332741825324406e-21	-3654937470750782e-20	21249377069589368e-21	-5654748445145414e-20	-2654872361698838e-20	44244447727228236e-21	-18437765437900895e-21	3797537195108954e-20	1853856641807449e-20	52488426367705075e-21	-1818166855202935e-20	3248316213632069e-20	2450047415744246e-20	8161641586544718e-20	12468144162712824e-21	12970985102798679e-21	-7939904587463027e-21	3762545559779033e-20	-27637137902070317e-21	26625323392238275e-21	8041392752778931e-21	33364919011756473e-21	70568194596957625e-22	13794193106667997e-21	-17908768364675385e-21	-2013458590967522e-21	-32605583231816985e-21	-5782642529788855e-20	13829371008317983e-21	1409600511168057e-20	1964550568489798e-21	-28431068139027684e-21	20950136563438398e-21	-21067581697682163e-21	-1875891992226082e-20	8119526874476711e-22	-21182337974163316e-21	6989836653297194e-21
2961221097948932e-20	32620799104270688e-22	11738886435872192e-22	3979661592899001e-20	5279961205518333e-21	42389841460797325e-21	2963259247937411e-20	7384515041396872e-21	32107530499079496e-21	50054417660658634e-21	0.009981948629343223	7781814768211752e-20	-9553467004146581e-21	8924377633865924e-22	-957402710287116e-20	-3369289222923816e-20	-4508503421021176e-21	9749072311210035e-21	-8792391644562448e-21	-22848420776872593e-21	-8016587545921169e-20	612501091965858e-21	25301043236047725e-21	13272292705379978e-21	7096719570665848e-20	-4108295524786154e-20	-3262267340321804e-20	-9729153037260129e-21	-817753627716016e-20	2800900490963501e-20	838163267143351e-20	-9910874116107936e-23	-4141063865962913e-20	-49592407002245515e-22	27378532005599444e-22	-15825629388153013e-21	3203073203539066e-20	41999068023149e-19	48676679650193595e-22	12093511255552706e-22	-22115991357465012e-21	-6131095499616703e-21	-2702814111252589e-20	-167949603917485e-20	6856429332903911e-21	-17694741700255872e-22	2526064796781473e-20	39546200865921576e-21	12132087503932194e-21	-22988393877903252e-21	59706316719805764e-22	3266535893039561e-20	-1069716778111315e-20	-16889636032809025e-21	48142461701182346e-21	-7135492423349501e-21	3798137652049142e-20	6579453987181284e-20	-28681331292367975e-21	3883975362671429e-20	20255479581787587e-21	6249228631552315e-20	-29838363940547222e-21	-2564659721768336e-20	17889773677951142e-22	-21396099036456455e-21	13386165869705039e-22	57712563619437626e-21	-8232984456699559e-21	-19192095995943527e-21	-24865022304682227e-21	-7910762605457221e-21	-27659197264495087e-21	935739254859173e-20	922715624442289e-20	29031811113308948e-21	4420441673368695e-20	-17452953681089396e-21	3727603092700017e-20	2518428089384268e-20	3173195420563768e-20	9525330586831465e-21	-6067727031983396e-20	22677399059063145e-21	6085072979699639e-20	-11469339522335863e-21	42129375803085797e-21	6381249980141531e-20	19812602243325094e-21	11331789806247793e-21	6553676513717248e-20	2564169906030285e-20	-5715060796322747e-20	-5189168536883931e-21	-9150346584314036e-21	-13957160025848557e-21	-27911999098540875e-22	4442765676070433e-20	14032689210661697e-21	-43434663302403574e-21
56591203930464964e-21	14415687278091638e-21	2601096232193783e-20	2952608514749679e-20	-58213403206792215e-22	-1001628420779925e-20	-6972846851883399e-21	1458126702844379e-20	-14492472593160892e-21	28588030308392492e-21	7781814768211752e-20	0.00998416824289464	-6058930150888833e-21	6643158620015186e-21	2887081993570005e-20	5948091896373137e-20	11651119787911568e-21	-1530653744860541e-20	1609399054382884e-20	-11183859625490607e-21	-2890545828488286e-20	7908721417863322e-21	-14645947997356398e-21	-3105000849806184e-21	-23282171207245495e-21	-1540567402273547e-20	-39869190524916645e-21	7720076969695815e-21	12389801825117724e-21	-28987168713591626e-21	1787666328341634e-20	-5909456151905081e-21	29322578185778787e-21	6193562730728745e-20	-4458271023749446e-20	2042976615784279e-20	-6988203992806298e-20	-6741377704446309e-20	12383824150587265e-21	7909763013198351e-21	-3523465073807265e-20	-50948028370467926e-22	47014880573912596e-21	-246044793808153e-19	17982988533773686e-21	4441161662669926e-21	-19359502867938516e-22	1898946867346826e-20	-7577496719382162e-20	13457157961494091e-21	11776173300100087e-21	-9296588739974085e-21	7909106665797966e-21	48707463653085536e-21	28854452191681718e-21	-10646907952827966e-21	-571913952795536e-19	-9764193536928273e-21	3630504174734332e-21	-6014398808007623e-21	-10415990117965853e-21	-5693715540485168e-20	13088303045977785e-21	-12200777144005132e-21	2954581132591613e-20	3967169292887642e-20	-18192609828292855e-21	-29478377950917736e-21	11511528988391436e-21	2698052146429232e-20	21121843061019866e-21	16138612290016534e-21	9388012901497838e-20	-17603832155075453e-21	-6195998119757127e-20	19414208334360638e-21	-8164146937706562e-21	71154772787603915e-22	-2165698277709337e-20	-23377912425681617e-21	-4278183042880912e-20	-6205350164481756e-20	-9938879384695678e-21	-1944721046790755e-20	1848379737373704e-20	-12634320417912871e-21	-1979289829314244e-20	-12200727166928363e-21	-18615892995768335e-21	-167516969416506e-19	-4053940590435877e-20	-2156652236144129e-20	33004442847363057e-22	43690953320123645e-21	-11701263769035063e-21	-4757319964956564e-20	-1942366556538283e-20	-5365497128968007e-21	9153155431837258e-20	4027269094781966e-20
5462500023363997e-20	1396564564888014e-20	-3841437464145346e-20	1669397337369717e-21	-11551164765460846e-21	-24664617964425613e-21	-20588870149706223e-21	-37449831485693124e-21	-2472194308147117e-20	26986123168305862e-21	-9553467004146581e-21	-6058930150888833e-21	0.010072476661015033	1166466486554884e-20	-6308458728293244e-20	-12420072268052605e-21	-28834108761079148e-21	-765583356861829e-19	1644301369892516e-20	1473756625612378e-20	-29190736412890062e-21	779571032239955e-20	-2585913717675565e-20	1145347558209845e-20	12496139045873077e-21	-1759111086020986e-21	3239927032528713e-20	-1303920516986332e-20	-18531144381523714e-21	20882020976886323e-21	-7373362828973577e-20	12761548334977832e-21	502292335326974e-19	-3487009869896003e-20	333487347396996e-19	-12439183747160652e-21	-3152614666476729e-20	-14923653833718857e-21	-1597440097843341e-20	15490994919138387e-21	12393861809707565e-21	39032500108603274e-21	-2191186826879574e-20	30570803431851404e-21	-6332779019812743e-21	4207794102412091e-20	19142085792944696e-21	-31078762845079887e-21	10176750393232637e-21	42859997162831816e-21	41802141896251683e-21	-365974483955878e-19	3806943701757119e-20	-3668751318118986e-20	23039702642039245e-21	-20564206205769533e-21	-11369181978705448e-21	39878926071803166e-21	-5942652743332155e-20	-15042321634307105e-21	4313128550448354e-20	-4582087469581868e-20	-5167232116531918e-21	-8900024027195917e-20	-9651725837201061e-21	10141907872573787e-21	-34290029629393494e-21	-366954837312059e-19	20342092772825486e-21	-3080335844764787e-20	-59455736616332566e-21	-4819178357915234e-20	20626588408919593e-21	-1850805670232673e-21	-10088602919919159e-21	-12632506009044116e-21	346806462102213e-19	5405701707644545e-20	10443230918629367e-21	2294968799334529e-21	-21730286197538735e-21	48821602044890435e-22	-12669956784643686e-21	-2127360819599219e-20	11086889748691823e-21	-13687644025104501e-21	-5647408199994157e-20	-20259339987772592e-21	-5767560602680475e-21	1676961351836213e-20	-10957904615072041e-21	-3405760296716429e-20	5102209014091308e-20	-21642366898418697e-21	-32273655581659543e-21	1987250282621824e-21	-4767035981406066e-21	4578218831975506e-20	48096629566738145e-22	13283760976833986e-21
-8244321651020291e-20	8703156716100639e-21	-31195129907851487e-21	-11230743972054367e-22	-28205179345510887e-21	-2508774347990696e-20	-24061123425443533e-21	-28871198391906268e-21	1482004878289463e-20	3919139682931186e-20	8924377633865924e-22	6643158620015186e-21	1166466486554884e-20	0.009946385900277011	-14309430122016423e-21	-4233416821737198e-20	18530952239791658e-21	25242389172127548e-21	6411905372576751e-20	999202201609962e-19	8203159327843212e-21	-13981987763741589e-21	-881783441766889e-20	7671865665032456e-21	7190175054567717e-21	21494223658403302e-21	26897968146711895e-21	1679828514443555e-20	30332470711819342e-21	-738027467302406e-20	4888921224388558e-20	-0.000103292458979994	-43736223126817515e-21	34015902641377955e-21	-5172483593721147e-21	29626269346551646e-22	544220547547942e-20	-21283249038831603e-21	33128885203587946e-21	5776197518417099e-20	46614068024361275e-21	-3699009838778333e-20	-6511141780377969e-20	3331925640087387e-20	8875033251302216e-20	28710619123913714e-22	-18117490582776682e-21	9396357213418361e-20	-11825995856229559e-22	5460738558497955e-21	9439241944849433e-21	2324680746734415e-20	-23086931776436846e-21	5637945696652046e-20	-22865171501482658e-21	15915645684752072e-22	-7295263491856082e-21	-4167461745877304e-20	2168107603969423e-20	-30123072024041626e-22	4214365502901223e-21	-21702177126885235e-21	-59696437652157454e-21	26325698503726715e-21	17624505161553304e-21	-9861140732887479e-21	-19640753775967867e-22	-23055604575663284e-21	3919195396155049e-20	-2081848938617993e-20	3578784015268498e-20	2995065787933146e-20	-1660117789951688e-20	6536057057179916e-20	-3097000049473924e-21	-820791141028608e-19	7629068542402279e-21	-2962802785941131e-21	-9615321260866605e-22	25481089681229818e-21	9888022731676348e-21	-14609864463140162e-21	15087696901071933e-22	4427636911014165e-20	31223878572024616e-21	-4122609017289726e-20	1339569782702613e-20	-40729350714961354e-21	14673082338440365e-21	15014642652562309e-21	14335525543362308e-21	34421124221786824e-22	17852919758962112e-21	-2110939768786406e-20	960602551627055e-20	7968390798158871e-22	-16182779139473664e-21	-2952654912234239e-20	3477136218968179e-21	-6942646554549982e-20
-10384566480202692e-21	35044919951044906e-21	13014501041210025e-21	-1820954846553212e-20	-12777645458942014e-22	-19187135297958046e-21	-1747384359663898e-20	-2274181492178701e-20	-17738322083006663e-21	-825891922393433e-20	-957402710287116e-20	2887081993570005e-20	-6308458728293244e-20	-14309430122016423e-21	0.01006083282805704	6228235627297633e-20	13171653968712897e-21	2712245011607824e-20	141819301029517e-19	6255035225142698e-21	4629051143200531e-20	3912153766991163e-20	14874549348444816e-21	11600478282558905e-21	-6979473421504886e-21	8338267815223605e-21	-37810272586637004e-21	-6780761588180387e-20	-12645138466642071e-21	-1419301458620641e-21	-23708181630035116e-21	-20547482661035026e-21	-4170559843874784e-21	-27131921846227227e-21	5196437106052866e-20	-4266352427498112e-21	-18300454937454676e-21	-8195270228569184e-20	-3859160008892635e-20	-44624349239851065e-22	14572994308101268e-21	-6065802562609186e-20	-128304326535896e-19	-41000490016181346e-21	-7127025225945412e-20	-21633873732414416e-21	22966446224479073e-21	7250052109767496e-23	2956197182717527e-21	0.00011588379343106006	-15775520804629932e-21	-6867423715898322e-21	49050710603004065e-22	-8510526813327096e-21	1582210177401838e-20	7647753126943359e-21	-31797169802829763e-21	-49733580450552735e-21	6364927584817717e-20	-15438655843723768e-21	1925607845283296e-20	42975912675459474e-21	-17586785701101267e-21	-13679147349122586e-21	-12513394503886058e-21	-19448567332942856e-21	3585445613537119e-20	-1628311246296873e-20	26308094292157215e-21	-15451521567372466e-22	-5659088052349557e-21	-14530073788310802e-21	-14480597039552817e-21	-3205097069819472e-20	1330149538529778e-20	18634082881856413e-22	13805147719021872e-21	21318640207500594e-21	-4690383952747963e-20	2832100578260042e-21	1429171557722262e-20	-6937419898116656e-20	33281999321343505e-21	9454153364638122e-21	36745257057481233e-22	29812259012055055e-21	32265687366950607e-22	-3935498242468061e-20	23935251973113334e-21	-4937663304227758e-20	5570421846737008e-20	27928489026922368e-21	-11875443338915035e-21	6048823761600536e-20	-1327378987234166e-21	-10142205058707979e-21	2864693483676775e-20	29834972029060425e-21	2905968185000508e-20	-9126267668217034e-22
-11218872947426284e-21	-21870438727348358e-21	-3708948884418288e-20	18169016697901466e-21	1645377672170214e-21	5848695257977081e-20	-30029369694967497e-21	-15968750810815013e-21	27738347775271422e-21	2753012609707947e-20	-3369289222923816e-20	5948091896373137e-20	-12420072268052605e-21	-4233416821737198e-20	6228235627297633e-20	0.009999820367253236	-27011464474848116e-21	-6273001276868708e-21	-7749943557630625e-21	4472511605117057e-21	-23381202574078248e-21	-10331057252120806e-21	25565910491683733e-21	-3811568873186735e-20	6265630969098781e-21	14965916819016669e-21	20677758473724278e-22	-25737820685859248e-21	2933931417337029e-20	25634904875054666e-21	32832770260700166e-21	-60096285817180404e-21	-25590164556403265e-22	53954072863827844e-21	27142929255392238e-21	-27489325819035817e-22	2920790234875143e-20	26359469607699525e-21	29351877567289514e-22	-2659030994966747e-20	-29811452420716216e-21	-4152524847414044e-20	-30260596736220203e-21	14534265738006434e-21	18420369897556554e-21	24612443555473076e-21	8213794795913106e-22	-38052113512450817e-21	3859181341799389e-21	40313799757584544e-21	-9468942100544735e-21	8964025885371799e-21	4052817017981704e-21	-23981799781330775e-21	1723134696134948e-20	-1064298488054748e-20	-30711322824024174e-22	-23915753067294088e-21	-29375066005462088e-21	-862782953720593e-20	25934740633804163e-22	996460218343686e-20	-4044753138888341e-21	1424837737051666e-20	-10722674945056527e-21	-5080699239939146e-21	37661034369312135e-21	7107460099373837e-21	31803714971992356e-22	-1632811512842404e-20	-1728931965304168e-20	2533367378298206e-21	-1639632742882543e-20	-34453325596590275e-22	4485082424257723e-20	4212658429337686e-20	-2987027384556765e-20	22914473653294156e-21	-7929288219705349e-20	-11329420499132054e-21	-13748591747197776e-21	-5425040869628865e-20	-40573579307397726e-21	-8053361581542147e-21	-3863763982533901e-20	-24438201062948438e-21	3323145790439096e-20	5251470743597837e-20	2888501129017354e-20	-6466703820232014e-20	-4860568793616181e-20	-48881873788023336e-21	8155355706598681e-21	3353655099284714e-20	-1439989083400324e-20	-54909840094061007e-21	-11464504140748462e-21	-3621775745233913e-22	-9147840190754024e-22	-17769239797258736e-21
3364307272347826e-20	-3098854098865964e-20	3560040763960255e-20	35061149824130096e-22	10435981161362713e-21	2847238734270476e-20	15649510619507975e-21	4210394297233093e-20	32528228769080954e-21	-5173204216675142e-20	-4508503421021176e-21	11651119787911568e-21	-28834108761079148e-21	18530952239791658e-21	13171653968712897e-21	-27011464474848116e-21	0.010083075387686232	17086281423071596e-21	5000404082389764e-20	3053887534959819e-20	29712282474030077e-21	7681359039770039e-20	2293109960290058e-20	10905049698563322e-22	12993752423257283e-21	21003092849758842e-21	17514777910306381e-22	13905363206336568e-21	-22056133633358865e-21	-2262327445816e-18	-3702060360149727e-20	8348402078244206e-21	18498860789230783e-21	28439327015275773e-21	-12520760132231587e-21	25666101304754273e-21	-4016712333705426e-20	8971742092908717e-21	18817808005254816e-21	-12182628821720971e-21	13109150187202695e-21	56328265917209707e-21	-18509584557739218e-21	-3577322274274206e-20	490326587974157e-20	9625390999612143e-21	-7679556212184534e-20	-23635886186641647e-21	-4272532012059789e-20	-16748722710758937e-21	1606624271924847e-20	-3462219229025731e-20	64064080823588214e-22	4008398866328776e-20	-26463840112370876e-21	-37938973892083136e-21	10702901837853497e-21	-21479199827743395e-21	41639407594985e-18	5835073581549466e-21	-17925184414866345e-21	9728955173905894e-21	-5302717637577194e-20	-31617135808835903e-22	-19736515525385797e-21	-4734119556132737e-20	32978951292210514e-21	7747378622804168e-22	4579858118966861e-21	-10101933032664954e-21	-20837179571168577e-21	-22905053989858443e-21	8114431421031343e-21	-3981112990435644e-21	-23575586630812192e-21	9378321506916822e-21	-1661961201035066e-20	2664677860457027e-20	1105286847375448e-20	27178230175634994e-21	5958785170980051e-20	-4045405110775241e-20	-29461479527591427e-21	-4302884518311361e-21	-31435822610744245e-21	17620011891557282e-21	-10101727862394646e-21	-28937676494060725e-21	4309898968533722e-21	-15108076488241395e-21	-14887691618010399e-21	-2957986040714821e-20	6683538581603233e-20	4232215534381027e-22	-799999096524776e-20	7743084872010748e-21	-11896540027948977e-21	-13958091949909222e-21	5211016900711295e-20	8296773158779292e-21
18350256914717103e-21	-1007949189984002e-20	18660756864074426e-21	25700881844764798e-21	-17738984695698513e-23	5883157573876491e-20	17002946365071355e-21	-43572617861253977e-21	-50857650401346615e-21	-18874909971529957e-21	9749072311210035e-21	-1530653744860541e-20	-765583356861829e-19	25242389172127548e-21	2712245011607824e-20	-6273001276868708e-21	17086281423071596e-21	0.010042741865150603	-13093437530811836e-21	7852010500939759e-22	-23465716055185624e-22	2529515056214872e-20	16123129739368698e-21	-24861373582263907e-22	24876304817057588e-21	-16434627632076535e-21	-8241538830321517e-21	-17129666709793284e-21	4630189750654248e-21	11178437223586729e-21	-8545186141082198e-20	-24213804546671543e-21	5019401246461915e-20	3203060600995663e-20	-45004465296913756e-21	-17404496861389436e-21	15737455302842532e-21	4129477784737789e-21	5020830541850341e-20	-195165548133446e-19	-10818919842084761e-21	4391607500748174e-21	14368672676051261e-21	-48788096370007915e-21	-21764778762677084e-21	-9756495012840772e-21	36470103875362184e-21	9506756597508211e-20	-3485135913629468e-20	5708554786620664e-20	9545074824884002e-20	31034799631139936e-21	-4272055673259866e-21	-7537282589881664e-20	-15011453955369811e-21	-3021621115477023e-20	6990051439372616e-21	5531896624779451e-20	22657846207917946e-21	22502134960118472e-21	-28027370683883576e-21	2498477335255797e-20	-8832995001450049e-20	-19999680616523887e-21	-14173057539701952e-21	30398620421749436e-21	-3673308001998549e-20	3200345790713323e-20	5019387158575238e-21	33572817702262777e-21	18610368634850455e-21	-5894465750857233e-21	8198786871030703e-20	3945161824766266e-20	-8103956247706953e-20	4322430208874242e-22	-13447431082610128e-21	-10988718207269977e-21	5612666229008261e-20	-4515362245295419e-20	3315532635977862e-20	-4364898665509871e-20	26020885334407096e-21	27528426909222183e-22	25177054526264315e-21	4362380048884659e-20	-40189562710205944e-21	-7007963067021438e-21	2541321485973105e-20	-23105306708341945e-21	1857586133226244e-20	-1759773266883877e-20	-4073025468110512e-20	8878113562419593e-22	4408524369982981e-20	27169652960461142e-21	-5735226568351882e-22	-27072466290621974e-21	-12211073059808737e-22	-4294160141960961e-20
