0.8574251464325466	14378677857390726e-21	6146172551622461e-21	608388346175652e-25	5778612674527087e-25	6943741776797221e-28	0.00024620884935736985	0.0024899663840471523	0.0001376518285341991	0.13968046762858066	33387129720437115e-24
0.9930747086348577	6199743142366993e-23	2807909034575732e-26	4153762903392103e-27	0.006336123521303735	2780464554965335e-28	1862108937870899e-27	9515991060759607e-25	43127776189364e-22	4196519070515841e-23	0.0005890585824664102
0.9992085534519204	0.0005698760382140899	4426638824155242e-26	6716484602372735e-20	10176463527492711e-33	28858471313492293e-23	8593835156580505e-23	0.0001533358888758695	13415673917206443e-23	5551492615948038e-22	5901633907992765e-24
0.5125881826149113	0.3354089569383394	0.0053138980515304935	3901911028648771e-22	10116065381392334e-23	934789092309796e-19	3452632896546018e-26	0.021048166385207328	1313031089267614e-21	38479851373375914e-21	0.1255070328320353
0.9988973285804355	17566291185253706e-26	20575393669880044e-25	0.0004447759424416591	10363075549358814e-22	0.0003971798161396723	12365274660906784e-25	1559069137496263e-26	9996321742280756e-22	0.00025867453462114057	17013129123058095e-25
0.9927285146872704	4638337201696262e-28	4626851955029165e-22	7977111265741111e-23	0.005082867226196087	7514839626819911e-23	6308973596942387e-25	51608195478208e-19	0.0021828390238216077	6954530759704781e-27	1441345671326037e-28
0.9976991657569627	0.002299441967556112	7709881115220443e-25	10733649001868354e-28	18805803496982968e-26	3066048776008196e-27	39366466712144796e-24	13519371980870176e-22	2021083819712517e-30	6192856071410983e-28	8011471953784387e-27
0.9997601934342056	14973969714645567e-22	0.00015652507445168513	4454286205753169e-21	2397742596283333e-32	2206224728085666e-30	9332537510811757e-24	3892161609958766e-21	36322645122584593e-21	3702420219765648e-20	8146669522975499e-23
0.9440538869673689	14358611137696111e-22	797411630783875e-23	0.055943381888085786	41572173153801473e-23	2466195757537109e-27	3311194837689941e-23	17632188631721192e-27	10806578365152229e-26	11471333985397523e-23	7236341316962112e-22
0.5039167528718491	0.031958156890369585	7787756477343491e-22	25791359548264663e-29	0.003540542703974142	9793309267426498e-32	3230977581769569e-26	0.00869204992796307	5825527116829367e-23	0.451889258810082	2401732276097817e-21
0.700956694377101	8210716545743933e-31	14702726159559215e-21	0.29753541427612584	13239488287543803e-27	738364668291636e-30	8242653357005876e-22	52968353743805165e-22	25051954883177792e-24	0.00017877867136045759	0.001308263783347172
0.8967188906241429	0.0005671404653351224	0.0009552627021406005	21607220767142175e-25	15810869196610592e-36	3226926307066168e-26	7013182687480875e-21	39584597354646854e-25	0.10173754311507853	9850314351916279e-24	14133908850859245e-21
0.5662923962209752	0.2257638009122306	15092617244554564e-28	7877157973330743e-23	8219648291201403e-24	11213627821611813e-24	1584277005979514e-23	5703063228597514e-22	0.20794311811907074	2484669730507336e-28	39201539314362785e-26
0.9999829129292384	9508485042385066e-25	5723058342978609e-29	7533982869261349e-26	15797183890772273e-27	2998357260265388e-23	5464641569235917e-25	26498252302477404e-25	14200951812871373e-21	1446744415966873e-25	28517523706627522e-22
0.9967441569090162	8468704341196523e-26	5256681365592255e-25	8438953465206419e-25	1902370403991939e-23	12613046301770753e-23	0.0019834319356113695	30278299659382305e-25	0.0012722615139226904	5002425417683479e-27	1993954463766395e-28
0.6730739041957539	0.32506727286711157	19494772362071603e-29	2227322220917914e-24	11893622811463403e-25	0.001198168244490259	53745419991134e-18	18513697313933087e-24	0.00016684144541466997	5179621129228596e-22	0.0004395279345493681
0.999993417870568	18099921925000424e-29	5957108422090709e-21	23404399634188477e-26	9065980949657019e-24	9307199511433442e-23	41760095672412e-21	5191279946737521e-27	862872118077121e-22	39459621628757884e-23	9398067603732198e-29
0.9194275721444988	17809356248591883e-24	6149038520061608e-23	0.0008328961385799221	8132728536716161e-23	5792418277759899e-21	23013025721909046e-30	1999066766185545e-23	0.07973354190680391	16770488515192518e-24	36326829509009608e-28
0.989338360966581	0.0005792884981104411	0.00012456956912779328	6002794173674251e-31	18743627907452284e-22	1813144388150959e-29	5698970407515829e-26	1578297274216687e-23	0.00691864402881834	0.0030332324251012774	4014309488114727e-21
0.9684899974244428	16138896171617315e-24	36388983905495252e-22	513409744529957e-21	9791730094700579e-28	8836406294836569e-27	32546509045767564e-33	0.005259831793913301	1424285270076666e-31	372877718438351e-22	0.026245965037025056
34117858871516565e-25	0.8438552916490983	25464096743227717e-27	0.0032120917824722964	0.00013330985625499374	0.15245940177707892	10559487721236018e-24	1571384435654242e-27	29058234905349684e-21	3266034643016885e-28	0.00031083270155497534
0.0005626526185237215	0.9192029875041161	6436001564182598e-22	5917927987353916e-20	0.08017452319909141	8751425552261724e-25	10284499157031056e-24	2486119401975578e-24	7479548619423033e-26	6824536887200601e-26	9436915368119758e-27
24097207724936883e-25	0.7416577432161491	89661350324013e-21	1197218662731208e-20	0.004627959869620894	13637319742987671e-27	21113330748507724e-30	0.25341557989513985	0.0002790208367231241	4332882966404153e-34	7631911010901645e-21
13367555128630277e-23	0.6955995479686385	965730305455152e-23	326088030213413e-22	9565812863526356e-25	40964721169842854e-21	0.30385966920829605	0.0004801941437446015	2914377317006183e-25	35048809968338626e-22	1594188747784847e-20
46404707276001974e-23	0.8701030248201338	19125437406255334e-21	32994965705270826e-21	0.12919986308448164	10686152533338078e-22	436708618671196e-23	0.0006433188393499976	4986468981353475e-24	8037723016234504e-30	1308370350824375e-22
2673519212031368e-23	0.9669515889759317	685723570189552e-21	0.00010743507467533528	13012574344242206e-29	0.005546757073377177	0.027340570929397498	7856577343446346e-23	52821719237924455e-21	16834712453708315e-27	351858795793039e-22
10901058024666275e-22	0.9703760006745653	2266703042362335e-24	2697223954269679e-26	204021676904635e-19	0.02829544850928941	5184364296064422e-28	1768050438562819e-23	33479828667174236e-21	19826934418923652e-23	0.0012733604699422703
29009150841495764e-24	0.8959908768077577	0.012299566604927812	0.08533933885212111	852531468971879e-26	1277426318064655e-22	0.00016687833819574127	20022398027375913e-23	0.0009678012923285517	14294203227115385e-23	0.00523503817834778
3317287839535129e-20	0.8287137219922329	11565060340578292e-23	0.16355317587215204	0.0021486567909585405	5700654765627252e-20	0.005168653206773543	15535238039870606e-23	5459530642928402e-25	0.00032477963250125794	561530393371972e-21
800099015357224e-28	0.932381572769572	22113005703417392e-27	30793602901408513e-22	13042158593184562e-22	7938264896709625e-23	22170337017410344e-23	0.06501083715666878	38072302942628994e-21	0.002560246408352132	4586678102373209e-21
5590223597314591e-23	0.641211668684806	0.08407129019544701	0.05697959370747544	61967780873325085e-25	8887240046969676e-23	17879372808454913e-25	8652462343167486e-21	0.19940370895643297	3331828075510449e-25	0.01832493290096166
20368458889077702e-30	0.9508174878918036	0.0009671026538754608	27687219798341157e-30	10040460339652213e-33	13810884926625581e-30	21172380131909843e-21	0.04819423706490164	551569960619409e-27	8675560877205e-24	4074601531579178e-32
14672334287982332e-21	0.9993691946633626	1327512268609003e-28	24209960567654933e-21	15848503440654706e-35	7056604793436069e-23	12634498277810656e-28	10861429641848797e-29	0.0005918405897338651	4411669717478437e-27	11880083843800413e-24
33268987155484343e-22	0.9332381983834483	0.00027654988778186805	0.002736383356486862	14159408858038306e-25	21386536728475905e-24	0.06334108066172545	6139592609063669e-20	20075011247087118e-23	0.0003424259228612525	4154102998151409e-22
0.4799218996826107	0.515843279492574	2436784059789918e-24	1201120809201403e-23	11851512695670493e-24	0.003934582257717726	8881120750192339e-31	8379277915168979e-23	8559165051952327e-23	0.0003000400705826216	2812580168298258e-24
14793662301114882e-31	0.9939532594321868	20148818599090227e-29	13068309010417906e-27	10106418022185995e-23	17657728674260073e-27	2717685314220196e-30	2023547175853176e-24	5523585517617597e-29	0.006046637376104453	729957171302084e-25
25555142283065646e-27	0.8468064362292904	6554491707660003e-21	12438396477948683e-26	46818507904215244e-24	7166584902691645e-23	1392425285070835e-21	23490476641885253e-24	0.1529363441223428	19131784356883226e-28	0.00024913060468869925
0.0002574429007218292	0.6486223774508125	1793059557389302e-29	13609935251381943e-25	1801604123536175e-30	28539030452991265e-31	3403560170316315e-25	0.007343936304029844	0.3437749629517813	23080066249967938e-27	12786682015973673e-22
1437346193138983e-26	0.9999546645628881	22898514863262717e-24	14383595543949506e-22	4226948964937837e-20	1742839546246848e-25	15637166051642786e-22	6893796144185763e-29	3658626560819957e-25	4034291908063555e-23	7528148225571928e-26
1051829897909421e-20	0.6233223642278988	7882291893109074e-21	19673197523562267e-26	2647047417898616e-21	0.007473363754233067	0.00045637474110050074	0.3686590724672725	1947352756404302e-29	6774312664165646e-20	3384781140047336e-23
3383309699073681e-25	0.9760743008949935	42651439590650036e-23	1181418897661998e-21	35823903867509866e-28	11249718169602413e-26	0.018523162360859123	7464532306363139e-24	0.0053393986749205756	6082106078294666e-20	7011562067865709e-22
7619060991701774e-23	0.9999842287911177	17180784608552304e-26	7000186940686927e-21	8532330395280691e-21	11796465533973899e-23	3928643399261719e-23	4691618637441992e-24	6882754989672742e-29	30684968698500587e-29	3860439043899795e-25
4782615119033114e-20	0.9980583476177063	4070249173780983e-26	14947975750419412e-31	11349798511573583e-24	4946214793501524e-27	12579389735440297e-21	0.0018413353524842984	20615519770277434e-28	39855439720876075e-21	4465165394812358e-23
11811473827119942e-27	0.9999845063876857	13483797793348924e-24	23205546968300405e-25	1747041201694544e-28	9963260762323814e-24	9568054919542166e-30	12820571584389666e-21	2564933580795231e-21	8232753550315581e-23	3022775842859425e-30
11150844461848021e-35	0.9999999958532655	2849830050815342e-27	28205766499814216e-30	50341649058032077e-27	1575300823742913e-32	23594760919731957e-36	9234204186661598e-29	30854237082868718e-37	7939963697302464e-31	409341880313429e-23
0.13821454439816883	0.8592907492101226	13558273789468435e-26	0.00041001006560788147	18073551973523747e-21	5004784516218832e-20	22316964288664e-26	36814046755185347e-23	57117638121933124e-21	614897121448912e-24	0.0019590883996728303
3355677450437634e-26	20062311292983188e-26	0.9929713176323248	9979631938256755e-30	0.00012870238006351204	12687766906362857e-25	8529307096048713e-27	23230296812329008e-26	0.006899976520265657	2950261102790403e-27	17205987080744882e-25
3005717862943522e-27	15830354645410241e-29	0.9999999992120934	8351125993367908e-29	45014885467567386e-26	147051195317086e-25	1952357819221e-23	1877510383564547e-31	10898540216008544e-26	1912869357569763e-25	10320288537091259e-30
8841100832898741e-22	13356311270221514e-26	0.9628759365059685	8024197922091996e-27	0.000572472786930096	25454811789397373e-31	25473446476073706e-24	4725334848466135e-24	0.0001532518665534399	1881977973224345e-20	0.03637860461036073
19252025782910134e-26	1314227384281597e-23	0.955598254736788	1971321088547113e-22	35293812315593867e-30	0.00044990973481069945	0.001748222518348034	31649672722414053e-23	4810756185048352e-20	0.00019562198091368545	0.041959356503624146
3749656219665616e-27	5875682854419232e-24	0.9999550771141266	1166368439415538e-28	13687722493437764e-25	25241359192510592e-21	196537878520719e-19	22572370616844817e-39	2454202557932051e-25	6307651903202605e-25	19614322223053566e-24
12322255181542272e-24	25499102956002987e-23	0.9999160870200033	3585820264200853e-21	4688803122792455e-27	12713067488141216e-25	3449147273580052e-27	3551149026599243e-27	29626932012010402e-25	7101402013511066e-20	9041580622436525e-21
6627980755610666e-24	8546153777883641e-23	0.9987734855424887	3711261624520353e-30	18520976087808454e-24	10479565155650335e-28	16473929992992655e-29	2550371965095276e-22	1871076812639767e-23	8322701994790713e-23	0.001226046870815437
12313123986190965e-26	0.008107059502197951	0.9872271787002592	21338018909333092e-21	4851889504895485e-30	16038219857057773e-22	9117727571308144e-23	0.004624017065454145	1868921532789329e-20	5094685724319397e-25	2186598460127797e-23
0.00021481726661097623	5498043881684683e-25	0.9945594749469867	13528713186489323e-24	21771513645181977e-29	5618134359282671e-21	1483273156833504e-20	0.00018253608511414088	0.004050494383858873	0.0009699768518467098	2235520920383332e-21
0.08900894969747696	3135895948828599e-20	0.8246828379533213	0.00546861422800593	1381059834719796e-24	17938657621946575e-26	5608784948790608e-24	0.0006092582519457778	0.00012613473596239213	0.08007209248023073	7465243371576289e-22
0.07382098289252667	0.0002805303817712913	0.8980076742174065	24697579985761457e-30	3722294908829625e-24	9049882812841653e-27	24177969618872664e-29	9191480574474994e-22	17010326074061554e-36	0.02788412580926664	5763819358524046e-21
15104436812421249e-25	9933455924386262e-23	0.9612582855718035	778955936766097e-23	9323969121961313e-30	18575210175984022e-24	8016341500660035e-22	0.0004232387327758462	0.004815216121980496	615279943925432e-25	0.033502330667979585
34242079114222186e-26	17668482829158146e-28	0.9996005361113777	36934529750569487e-29	15013543743811278e-21	0.0002158273522633392	5622383307924155e-23	3425110077444585e-23	917713268942043e-24	0.00016853120457585097	5083446334243822e-26
0.00010101027655903873	21915177904803653e-27	0.8765078763688786	20234856242723814e-28	23143986113127432e-23	8351313061687865e-23	0.11356774945754602	28289840699480332e-27	0.009822964820002115	8407178145919497e-23	13288743328926245e-30
14645118183477576e-27	0.0051783237784938235	0.9895386380072013	52298259179121425e-24	24953810357549904e-25	34241677533283625e-25	5453753492979296e-22	3849910300851731e-23	0.005282395621642438	9536517887538152e-27	4762209392944595e-25
446287438119417e-23	14271719164814745e-28	0.9999999944163562	2382025991959737e-34	11115350502410466e-27	1083681587733792e-33	28844176232748832e-34	1820709932866641e-26	10660626596419776e-25	1070531135321642e-26	13250722602132788e-27
0.01654083845278505	0.023553024851920505	0.9467925982659793	203779453453691e-25	4651775003698763e-20	0.00884498540531532	6886664016977507e-21	0.004210169905482913	4940247773228618e-21	1514029099553395e-25	3828490789668154e-23
757658939960566e-22	2068222719885034e-36	0.543840107849995	25148180762428717e-32	530556934661299e-20	20560082719971155e-27	8521623570616936e-24	4473543081584582e-27	5673287311262112e-22	0.45615393493937223	2855596337516152e-30
6388589562374963e-26	38664228557143155e-24	0.9992308894981797	14874531799921446e-25	6780309031728197e-22	9239702568823413e-22	0.0007572546730138269	10831475481046001e-27	9342363742098272e-24	7624435847975706e-21	25798230357221596e-22
4127198643245436e-27	28756781641713485e-24	0.9992177499876055	8890790637193804e-31	0.0007330883960283453	890812965748677e-23	13307681830298644e-28	732727312573848e-26	15854323095352675e-22	8311579932930783e-24	475301947777112e-19
0.004169954312081518	2196007372192886e-20	0.7365795098785033	15720158882524037e-25	24458537116921446e-24	2561190645762655e-22	0.257861919669008	0.0013663709194331208	2647680188121866e-25	4012194014447208e-30	27328615842991914e-25
6325947163087497e-23	35911801075173427e-22	0.9963087709540274	50997581491702e-22	4809663266445587e-20	7070760688931895e-24	4572724534131707e-27	0.0025552354658044153	13398934211932512e-28	175138841684563e-26	0.0010842303297408486
3096869938521119e-28	591796929330594e-25	15749768731035447e-28	0.8914866689231483	19467441175189273e-24	20046765643951177e-22	0.10765754262595317	0.0007964754682808086	2310795144050487e-24	35126646731697955e-21	2215982002191702e-20
1295368211821333e-22	8941220300645818e-27	0.0007974359342971139	0.9988919280203113	3424126684285545e-21	12803321763898436e-22	5243574162502831e-21	30122718261137505e-24	0.00030051915811884453	4060180065639998e-24	5125588396348008e-24
3807327298254909e-21	6946647231835259e-20	5879497118608299e-20	0.5958478081917802	0.32294449678465287	0.01710877722042813	24080685710678946e-21	0.00038927320243115895	995695485406051e-21	0.02678401216452814	0.036768487284181244
2182605013757487e-23	27789649489631693e-26	3327921881774018e-23	0.9743615956089317	0.0003155971634545275	36411279273989354e-25	4561914286988355e-22	20425724033836433e-31	2676868757632702e-28	0.0006554053992732568	0.024666886612349805
11284622673884571e-30	1617467698908217e-26	6912979617707245e-21	0.5000381128022653	29642506745709684e-23	9467802333051493e-29	0.04156374445064069	15007579802280066e-27	0.45839090517434566	28130635539898852e-24	6138732888101531e-27
8649102922870507e-30	21511128195496954e-28	6746080318205524e-26	0.9999055771048825	3430361312011524e-27	66365812849175984e-34	9440972985833311e-20	4370216475820921e-25	12042883939074846e-24	7265034682544034e-26	5396540546566229e-25
25776871640184537e-29	5315889699990936e-25	32617974097475824e-29	0.9999975014540453	22016217414240112e-23	12356763766216462e-28	17344105165885656e-29	27267587466731376e-26	22615354152880545e-28	8317028568384576e-25	2276743558293167e-21
2826950314581849e-29	14008796525241166e-21	5340305292595596e-22	0.9944196094276798	0.00555082539928614	58460669436969405e-25	4789498022542321e-26	7750649304710717e-22	1864398050222009e-21	12693250898578127e-28	12376987738810358e-21
5200418396681428e-22	0.4274718930588232	20115167770987454e-27	0.44189905402403845	0.00286459322058179	0.011485888539478477	631166459357255e-22	0.11627116438896165	13116902328233089e-29	68133837687051865e-22	10205616389607275e-24
0.000246296229973551	0.1971186843615632	0.0007967115209950196	0.8017988017711443	5447171217985341e-26	33254657174884454e-21	8830405019950517e-23	38712712406143506e-27	6152665528525054e-21	16484913886380605e-25	8747894075774384e-24
6188236887139267e-22	35048757809493815e-22	7075177975950044e-21	0.9999604569361457	1673801643783142e-22	2795794582318526e-26	28176777924732314e-21	2891931603497716e-28	5815157241224229e-29	7130476373412942e-30	67571413754645276e-31
50411242580550874e-27	3386251189078869e-26	18622665427550052e-27	0.9999969031401141	15843482891237496e-23	4734009901892392e-24	14654043291558305e-23	18543814240395195e-26	37658104161239855e-27	9546244490567313e-26	2786729158725481e-21
7610883177834108e-28	20940826663956602e-24	4266172007279602e-28	0.9999990857947112	10567509575821302e-23	6394354074282906e-34	6394282186450402e-33	7094436223242633e-28	4508984267067748e-30	25351030509389987e-24	7622364356273429e-22
7646421627741828e-20	0.0027507714994540254	2419112916161366e-27	0.622022192829838	7700363338354079e-20	5779973123803244e-33	6054008896450842e-21	3002265586412524e-24	3878695522872692e-22	0.37506712280725246	13066167328241933e-26
16110593385837146e-24	6801816155030233e-24	5853036617394494e-33	0.9860142531457561	0.010857855346571445	24467131371369087e-27	4012505783176387e-29	5913452708042676e-24	0.0025644663321793687	5990313198725182e-22	0.0005627972938047822
4956192454975584e-22	0.016235882625274378	15619690057661503e-22	0.9837290544741485	16420671275934214e-21	844541994550382e-31	28497283772721093e-27	19179881735484823e-23	20346911524521137e-25	16084377998152846e-21	30640104556253356e-23
6534436078016265e-28	4515276162333098e-30	12022351411752644e-21	0.0025961504289099854	0.9973918000661668	12531998983953377e-24	3091955076045006e-24	5851436774684797e-31	10424839967447666e-24	11040377950681575e-25	20118252717476613e-30
6683509562108854e-22	9234121246656405e-22	20692788160594877e-26	9867045325450989e-24	0.5644708475053966	54824611026119745e-28	0.00019911015323280932	2263978998749754e-21	0.4353261765005614	5937575774278856e-30	19269247805224005e-27
12287848072820703e-22	0.0002989455663630838	4185871608046849e-24	4205880347062012e-27	0.9996998077436404	19606542455220003e-26	10398039285122548e-29	25539776005196733e-26	2035655918481026e-30	13257511468618604e-24	6030590296182402e-27
7850050978564277e-21	0.12010516438372804	0.0006116584754738931	12655260557774873e-25	0.578994734903156	0.006137069197758522	42714195863279234e-21	6508819382450554e-24	0.09782931606766582	0.19627139723732473	8771370639901081e-23
26431194728159166e-30	42914284905791114e-24	919390225571718e-19	0.00028886811569977936	0.9335365456568471	8064347708582306e-23	0.06606624952242098	7493893995478783e-21	11489121067352664e-25	7236604488455121e-21	15424772909621456e-22
4412436269929923e-29	10569160166511907e-23	24358070943102303e-25	247626603433964e-24	0.999989244471233	10144586042179647e-21	15185856280652247e-23	5365063289925495e-26	1536219439640049e-22	5851307943527622e-25	19644835640270888e-23
12089110495830385e-23	1897633626040016e-23	0.016857704339844893	20945056255923393e-24	0.9814774537906132	14777122686511386e-30	0.0014678848309306778	0.00014400964521509425	6294656082015174e-22	12558870799105752e-22	5090122819538798e-20
9327883187004953e-23	3114594833619797e-29	28360934065255266e-30	11106225425808382e-29	0.9999725498348094	21663667221532567e-21	518231874682078e-25	4785941953799898e-21	15911845078822593e-29	904373915905375e-21	28511148517820746e-25
3614200808596588e-31	14260033828962592e-29	4638110599416231e-28	50221682316104086e-25	0.9955629205992982	3051359441361962e-25	20169966187642303e-28	4982300500168922e-30	0.0007287919074371783	0.0027160254290651185	0.0009922567342666897
28770238306568275e-22	10884979890763865e-26	10249184840656722e-25	1262235130347969e-20	0.999963967330483	5614026567429232e-25	8965828552141081e-21	5604955715548552e-25	16892281069023687e-25	11433646741530756e-21	12987419480511776e-23
6046255750573307e-21	16682913668956828e-33	60086413198797306e-31	0.00013545696942990535	0.9998391892957923	17227177944757473e-29	990392160485064e-28	5050210708746918e-23	26725464714351825e-26	3450304136323224e-21	158064052524317e-19
0.009510065843851147	229611842488431e-19	33306154511601825e-23	3286613665547523e-20	0.9895405729913377	0.000859940421625522	29655128838713156e-21	2709983855943e-19	7018295582645799e-22	30162591884813996e-23	2330778034250871e-21
7761559224665802e-27	28796028923043543e-28	335112425572154e-23	1692016847155753e-25	0.9995853441805737	11323837406492097e-21	12176219647407153e-23	0.0004032015552384753	2641534194949998e-24	24584469140544596e-27	24674991977986244e-25
2428244720211387e-23	1984273837505526e-22	16620320508637692e-24	2934522136261243e-21	0.9999708755445096	10911116848654336e-26	29414938978162808e-38	2479325575418209e-25	15166657730960196e-21	1078358841648981e-20	1235594822795765e-29
6449116915303546e-28	23743851793500175e-22	15704595545547786e-24	0.005869766148399789	0.9941269284705596	31473185477790245e-24	43757260128123434e-27	8413238975074135e-22	27153418882245947e-30	4173264218624029e-23	717111321163002e-24
1939182063755371e-33	25135130016036895e-22	6974317921036693e-21	0.0017914455834869274	0.9262359923147031	6164921375389821e-25	0.07196251810541578	15960842106828174e-26	35760483735341623e-24	5196281054605867e-22	7821508411730301e-28
0.0009471768207809214	13878088259253058e-22	8652164565502962e-25	0.26398580155265206	0.4629955550420279	435444202762519e-26	0.21707286448781368	18629641821294422e-21	0.0005398797279117663	0.054438704048596076	1728398454678437e-31
715391955876272e-22	12580428946155235e-29	24701642419475313e-28	7460797919354349e-25	0.841505392568718	0.08384943680052545	1983511130096377e-21	0.07464310250823451	12314449526390876e-24	9466147508147748e-29	8976562693510934e-27
5496045277313534e-28	1803427503441283e-30	5406519863449858e-25	0.14978234942486612	0.8497913945061748	2438527451377322e-29	0.0003769472678402511	49154451536730746e-21	9043095627221223e-25	8876435145522104e-25	15201640212089064e-23
9338305078684559e-20	32921828036720605e-22	0.0003169661324454547	6539476422111713e-29	0.5825199245478245	1238398441819108e-22	0.00442310365440864	0.4126394242805858	64073808045848874e-28	3782027985955167e-21	27684121309412317e-26
1654000560013409e-20	0.23261095872215964	9398886882903065e-29	2704771880920875e-20	0.4599409939760912	33350281931491488e-25	7599818109631014e-29	0.00017192924447745952	0.000706930249493229	0.25861705192525786	0.04790854482291312
7516653763217586e-21	23118635003750355e-21	12510439641492053e-24	6484162607693623e-28	0.999863020171236	2635678404809056e-28	7318867378041103e-26	6859088073068545e-20	46432482753933185e-25	3663305176136825e-20	11033797169109503e-22
0.3078787290115488	38183635363343755e-21	6170010251353089e-20	0.009742212056698996	0.5954804362417396	2097545696687927e-26	0.0015505847184297686	0.0006398978782627544	0.03153684666332048	24876303679734254e-27	0.05307140964627109
3279488810946805e-20	18658268299885343e-21	2474310802021863e-22	6405057816326034e-25	0.9855664697828322	3692604910451302e-20	0.014159688814747455	16981846693875843e-29	0.0001824094984371902	15586996571235168e-22	12459270567442776e-22
11181579533121652e-27	6757733203160807e-21	419246944879428e-27	5040054857889597e-20	0.9993491038339404	0.0005936633110478843	11438172242358599e-37	41189025424436295e-29	5256133249280319e-31	7455542433081764e-23	57905860553740996e-28
12978490073195135e-21	4326345401908903e-26	9053970780387631e-34	204680254356508e-21	0.9989280076007117	5484836826737606e-24	26298523921119854e-29	3717029765090421e-27	0.0010588036968038543	10043720349150401e-34	7531858144665678e-29
13549831801266762e-26	0.04415505086583301	4828988481194563e-26	8118377680502779e-21	0.9551904096299646	4982678328555222e-23	12621011798989443e-25	26353245436226847e-29	0.0006463695276162786	15113755962703272e-32	3259698010271544e-25
318845405069863e-24	0.0449766964488901	0.2749702171222249	1362097922481482e-20	0.679822919700871	13946875512283074e-23	0.00019125099330250672	632859275773119e-22	2498981447987983e-20	8737572428016989e-23	1449175379628253e-23
859694068175359e-20	31048476670942645e-23	1387038319768468e-22	5555483927827973e-21	0.9997113084477985	6624559083459749e-23	22751866142392972e-23	8909471072817312e-24	0.00022479770696749984	48460602086319515e-21	5289562153054369e-22
15706651409402433e-26	0.1038337458133199	0.0010843380651660924	3184518597344278e-25	0.8950796228722687	7696584637001303e-25	18090491435827986e-31	15837253538706255e-22	2265970729694331e-25	2930240576551633e-23	678749710269199e-21
7001787313891787e-20	2548207709824902e-25	9714127264186051e-23	6196450392225409e-25	0.7100627910491482	427204247000809e-19	0.00034031604408875566	0.10951762359150054	4556076110755554e-21	0.17993866757057567	23209354998649394e-21
7851010734133277e-30	45418643184711616e-23	6406355994313682e-28	14785964260518094e-32	0.9496571928804262	0.04017804914752269	5076283653708488e-30	30864184138563224e-27	0.005377956721438001	0.004786337741743612	9290920423796765e-24
8503940442791296e-25	3355957756232853e-23	4653391005084583e-27	4287206294488291e-24	0.9999997845439507	51952554452677865e-33	17134301495137045e-26	2044625767174017e-26	23951496801413248e-24	1469045036373352e-22	5706427213868285e-24
0.0012699338968908509	0.0047860138281309045	8581477459205023e-26	3983889257379215e-20	0.9607508639019755	24110892009417447e-22	13914978477038497e-25	42600988960358914e-30	24714338660076773e-23	0.03315067905277471	10717710691602232e-24
0.009443032178484165	0.0005123497633674744	16323277309822397e-23	0.38346223985495775	0.4553725971791646	0.010724234398246504	8547855230780851e-31	0.0019055305353875439	0.0003779868257619586	0.13811358389715492	8828213470019022e-20
4040324106902176e-22	5976022352326504e-27	8780049070698139e-28	8173643701605462e-25	0.9999994646252451	31891986038334317e-25	1159231150599869e-26	507102645137683e-22	7267316378611349e-23	3913939833682606e-24	19968254545031458e-27
29694900885736033e-24	6514571234434941e-20	91455924593197e-26	745907953755402e-26	0.9920176568215537	5878910535763852e-29	0.007876355419509441	4081025357755059e-20	1553095144719069e-24	5365869678853994e-25	20784241322318565e-32
3691182460313051e-26	9592899344901447e-27	16459398940289849e-31	6284256550810143e-31	0.7981119907856421	31444102064888433e-29	25691309813306898e-21	0.18684744522568925	15442470075780303e-25	0.0061536284492598094	0.00886124263852695
0.000773969741380256	5008043846119525e-23	0.05235281606196443	0.01601246713687821	11054580366381966e-21	0.6759577006422797	0.18711969377614235	4412856784810538e-27	0.004675984896418579	0.06309478389475806	14791849604634605e-22
19126352486993932e-23	0.0022796425962793693	6601640380355154e-25	7892504707012299e-27	10579921605996805e-29	0.997599823833548	16914715733509456e-23	9511860297907192e-23	24171553748012482e-24	906480343399898e-20	0.00011098839773717734
14095096256261773e-29	21525683737017068e-32	11108451636247467e-23	25067015971735653e-26	0.006245413404066611	0.9933879118654774	1656279138081122e-28	9805615755518265e-24	407764165961466e-25	45155693624966387e-33	0.00036655354856978274
69949947612364265e-28	7971104185712635e-33	5132147584335089e-21	1945737246004094e-26	8919690058994881e-26	0.9999948606366875	13222973804004598e-29	7075495946414592e-24	17567476946782913e-27	6870661126473527e-27	1067673781036281e-29
5780378010799237e-25	25561190679110324e-26	52247250053395274e-24	17627265988112885e-27	4435184814177204e-23	0.7870760797323872	4745826097022109e-24	0.20703763534587094	4071634669498347e-29	0.005772807585236213	0.00011337514026341272
8562932861487957e-24	0.00017316936583829638	6594562823912528e-23	33935865802378e-22	22716094710256524e-25	0.9703180264678593	38181805831900047e-24	4563473467932752e-25	19975753049258518e-27	0.029508685334329838	8636580778666521e-29
3223551623227907e-24	13204035918579496e-25	0.0006827364278280284	0.0022579443136843185	27579666683970538e-24	0.6331906322463976	29035677706271217e-21	6131630667426799e-21	5506915434741326e-23	0.36382926139465954	4171116280180073e-21
1276271032616027e-21	0.00012942948975597324	0.0008750188775582471	0.11366853626846218	0.08600276534724108	0.5614225329824866	0.00010618086686289442	0.01038288639234236	0.00017834592364403674	0.2272330212776244	63029896501161836e-25
32045228696135317e-29	28441238011011924e-27	7335880542030334e-30	10288381092538293e-30	34975471636495736e-28	0.9999999933437671	1993712595928745e-29	5331081005448114e-24	12927245062795936e-25	12471406633620883e-29	6617281297151811e-30
6468767656983015e-20	20212000815857014e-28	8935032909386094e-20	13659493795235809e-30	6498850471957387e-20	0.9997578774009932	3793831885816443e-22	7628120025821149e-34	22716703304918566e-21	5910610549541733e-33	9470140851461548e-29
0.00100353738893734	22802340036902025e-27	4657397240713548e-21	405748595590418e-26	423678255192835e-23	0.996125101522243	7963447011583585e-23	0.002814654599615523	4369745868548537e-29	5161917127048665e-20	3460225365236666e-22
55387135802289604e-21	4293977352879541e-24	12623054032342156e-22	4153032950883345e-21	0.10797829263393707	0.8774290324429037	4745938198146573e-23	1728516334147183e-21	0.014529125568244579	20439641135961076e-26	9664066682640977e-22
1204542192874934e-26	7209305200833069e-22	3387882447593581e-29	7823269345377674e-22	0.24673739360098773	0.7496729572314818	3778833850833868e-22	13513666963607882e-21	15088043806846177e-26	0.0035742541961892903	579888044381369e-27
13622337778612725e-24	7711915804706495e-24	0.0006954777960526284	12553382993879176e-32	6475440960386683e-25	0.9993031930725471	6555763682282022e-26	6378596468165526e-29	2275201124060666e-27	9141749044693801e-25	13061675313035723e-22
1465475417959326e-26	0.0004265666610822962	15032743358157296e-31	2859411098433519e-20	0.00863931163373281	0.524065880050749	0.46674023132190434	919633496979698e-22	5349766148120359e-25	698050327815431e-20	92343205286751e-18
0.0007071743370414242	3552148490891669e-20	6255775028553193e-25	0.16189092797968554	0.000658366584543204	0.8366654468180723	4533457944424924e-29	15239971581159e-23	28234024978296905e-21	14315151720738443e-21	12841027003355337e-24
5786640000052114e-28	714038514777278e-20	0.00012028773990187121	0.0007339208457856956	1052718423055376e-23	0.9930582638228334	12749220937623266e-24	0.005664538576588333	0.0003240446423224574	58308972469337555e-24	917224014643019e-19
0.1040489805505655	0.014954795814204287	0.00023701489848551753	4073093667452252e-27	3130473363383703e-25	0.8792847369949756	5272957201026378e-25	0.0011010635946884163	16665279294120456e-22	0.00037174077472407684	10569774747828737e-30
14618698808165773e-25	0.0001745391652943712	4490928177144145e-25	0.004881526856758798	7358650539550323e-21	0.9949308128159164	11163091814836812e-22	8784589325832262e-22	19126342333366445e-24	3448353704805113e-21	2983523684853234e-22
5978027611087815e-32	11071432228119646e-28	14782887604521023e-24	34330736124713586e-25	894065927928425e-22	0.9999998923549271	45417888888717555e-31	16810492926011584e-27	44046852833220565e-28	175109302601233e-27	15024693193922104e-30
0.0448082411576565	25223687220532493e-24	0.0440038508413712	38702039009371705e-27	0.0003115271710386589	0.6467805472829549	4115171725227244e-21	0.2640916770648861	11342805937791284e-25	2450715267203828e-25	14668625127165536e-24
0.0008289540739604405	0.00014019803745821225	0.0012333422046225814	22847552534423444e-24	7943707934084243e-26	0.9961864880455046	3706214322399814e-20	0.0002663847085661813	0.0011961084959537947	988040243892419e-28	0.0001114393636216294
0.06134553164205731	8612178856996575e-20	6152225426222823e-24	1917393500466044e-26	48935718949035e-20	0.9168894483140225	8133312991592771e-25	0.02154728495870636	0.0001310322541768103	12702136669901163e-26	8457352584227974e-23
0.0020054521973179996	1633376435741538e-23	4053908473595403e-21	0.005866270535925685	2541992441075965e-22	0.9920572587488312	3268245701495241e-20	26497657183736863e-21	7312503896789332e-21	16198787933697056e-28	2014567275648344e-22
14639350006472318e-24	12445031836176913e-29	18283165383646736e-28	12423782893585222e-28	36166295797483653e-33	52033297958894017e-30	0.9999600308793377	39917404311388396e-21	3707375029567153e-23	49053999283321277e-36	32617405262378663e-31
3260610806766875e-26	147503334248591e-21	47800532988205284e-24	29384409573639506e-24	0.03015035610719032	15795449100941154e-23	0.9693402075080452	0.000498960720440859	10089456660335243e-21	35322891516832263e-25	1859949634803615e-33
13132775948511593e-23	4133575400880064e-24	0.003254817869131336	9456200091416152e-23	2238209347584994e-25	364618950906895e-26	0.9967115515332476	16589964341762764e-31	3337521317955794e-20	2439973833240966e-23	7338989870043137e-25
20924957408038115e-22	6249802806857967e-27	0.00012599825240333223	27183714534406924e-22	10349149550953608e-21	4785939270558523e-21	0.9964967545674137	0.00013713849845593213	16125769913421984e-25	0.003219979914657492	1811922277623418e-22
8914673350172088e-23	0.002794144474477979	6040106656531246e-24	1775261147344059e-20	2451125021401063e-21	1465147576357094e-22	0.9969241431386292	4183657651900776e-24	0.0002516089671546618	9885072406551565e-34	9653797987913247e-21
628415164437749e-25	13872162587886183e-22	20096078365813456e-22	17059333768265153e-25	7248908411569795e-27	0.0004415249262114091	0.7087179383925639	8097101062325018e-25	0.22586727594704917	0.06371500914075377	0.001254852183592623
17185204263255056e-27	41287625857380246e-25	9454316888635888e-20	10225354763893736e-26	61379615057813255e-28	18520187681637718e-26	0.9901689934681484	26444241119464333e-21	0.009709896266952149	11801472938887053e-23	4006228546938559e-25
937664336207321e-24	9406598848457269e-20	14789266882488408e-31	23300176701633173e-33	27100436089519494e-23	4714920117680387e-28	0.9998426290411391	5951876476728194e-30	3360893973208809e-26	561905215607884e-32	630329942617822e-19
15582838019433423e-24	4837300910195422e-22	0.11836471725524549	20123328500310372e-21	0.011621712083564408	11149849356567933e-21	0.860769834338214	0.008517607498509489	817590308016982e-29	0.0006921473501925033	220898348039514e-20
0.36494258795007706	2968840480727118e-21	14443552635698656e-25	0.010643083198178391	44821930924927893e-21	4351357488389184e-23	0.5532364539479	18917519366442304e-21	25468923646625222e-21	10706857745614848e-23	0.07108554566291833
33987710124466184e-35	17488086349757965e-26	1452396746851602e-24	6595168809760391e-26	0.0006418868513163995	0.00013281409585378943	0.9992251930714949	1930241638854915e-25	5823604878983775e-24	1119270995850868e-23	8707876531384043e-23
32468179815001213e-31	22396641030991051e-29	7172559123232037e-22	380525711677135e-20	28776858823120614e-29	2341038200267684e-27	0.9992020840263091	7721737638836947e-24	6161671165809034e-26	8221754239367908e-23	0.0007933034569081354
10583243879239218e-21	1222407590477411e-20	1072134469535892e-26	31412305061271034e-23	3593432484642714e-25	6731648979325182e-22	0.9983412508547003	8925753569342651e-24	196439034370573e-19	0.0013196039300652357	0.00029569740824767615
4436638825352229e-23	7966024853406897e-27	19167843319234824e-22	15958063614821825e-27	6217958853757913e-26	44597842920189084e-29	0.6982898397872785	6293186972167919e-23	0.044418917854590886	4509867609069247e-20	0.25724411951290005
0.02692816753573862	3103509629372945e-23	6140831195553095e-27	13844348967456211e-29	25360215143325732e-27	9383426169932432e-23	0.9715801608062539	0.0014282125372992573	4296775277788231e-33	6333421971038408e-20	12499521675960714e-31
9454005799026761e-23	5299943726818109e-20	5230785013192747e-28	18674909447791819e-26	2384780399852408e-24	6580813659307945e-24	0.9999361681488886	6587140693007191e-23	9060146970841702e-21	2848328625542159e-25	16024177091237692e-22
0.0024301674144206653	8144681939746009e-22	15792044300147314e-22	0.00030785001453200887	0.07792248459956205	25497604640872608e-22	0.9092978990761815	3267047441838643e-21	0.004045545075869924	0.004908693991981611	0.001079149346922457
0.00011290265794594611	4377450745697767e-27	33814319459010754e-25	19190237937650406e-24	5554857919588315e-25	0.007570642004599637	0.9922706263110341	3358771830320443e-21	32426971834371164e-22	3920117074163312e-20	3255131401846504e-24
5467338029784798e-24	17103220585593705e-24	11482994114150473e-26	15538217578720977e-24	0.0071832060205373185	9442825052648138e-24	0.9086254189479365	10195186604262896e-26	10659402036403259e-22	0.08171210862997987	0.0024781526929602404
32290167466556696e-24	0.00031627744118984476	0.0032444063746808844	0.00029511716964609477	0.002402720939787389	13548092841915602e-22	0.6349350703012043	0.1982949712706466	0.16050944688148716	11952700207015565e-25	6013266364252626e-22
11040001845950108e-22	0.0010217560595162714	14751888800315186e-31	1861873237250065e-26	4843925175191272e-22	11250498607024027e-26	0.6857642817728252	4230357325654956e-20	1694146920613631e-20	0.31315181705849704	13115428720232385e-22
10441012183519541e-28	20515915187947277e-26	7047206092116176e-27	6755059721970422e-21	21353675270288425e-26	517955340345466e-24	0.9999932431036509	5202098659637754e-28	20674460290864933e-28	2814783462925179e-30	889293757039365e-24
2478191734617435e-28	5524194664320703e-26	9722363229751811e-23	26180714696033663e-22	1892478497866777e-26	0.0011651915975789799	0.9988320678463496	23149423612954953e-27	2224242063053121e-23	9443318839114732e-36	29209839326950656e-25
6109329067801514e-21	7774563050366048e-21	32658998878887965e-30	41489779959503704e-24	50076555018742604e-34	2869567361516293e-20	0.9999573679244264	1038896892418317e-30	8852312870177458e-25	10134795674435838e-24	1225292793756827e-31
6440359087374896e-21	6559967051172699e-23	6821478607233624e-22	18111816169155148e-21	13095264360087423e-28	3195102833582335e-23	0.9860126138876976	0.013941921735159048	1181650008734885e-20	8316001753828903e-21	1767096866801744e-28
0.04407543729834461	12594890800488234e-31	9387942849700763e-25	8633478428366342e-26	0.0026140070894421687	10662820200078358e-35	0.9532160592774038	9445591492544503e-20	38992799577657586e-24	4013531253817636e-25	6021869314040581e-28
