0.999192270078768	0.0003360285255327218	161712592890798e-21	12696387781171084e-22	0.00047008594168499005	6842931758196122e-23	9537982488940706e-23	20293499120846156e-24
0.9999994573813582	13994923743111103e-24	5283791575791924e-22	1134783745564862e-25	42617241783102915e-38	2155852311934939e-28	22824710234840215e-31	13086297341617404e-26
0.7593170519933279	11723307401943562e-24	0.2401065628362016	0.0002528693418123293	22540999325524717e-26	7576183564284889e-26	15816334320708387e-23	0.00032334564083634
0.997050353989664	3961396249508792e-29	6011051068471679e-25	17774912449186267e-28	41232613187093996e-24	15792483343641286e-28	0.0029496041730604243	1604053351244034e-28
0.9311077829463903	45157266535386315e-22	0.06866317756121265	3825268114029231e-22	19447948166267877e-21	0.00020266694188405252	14679990799946358e-22	5583498010599435e-22
0.9999999999981668	11041966432854074e-28	11742935945678337e-31	2102231659579968e-33	31380932085957405e-30	709976328993452e-31	9808330057534671e-32	6950458511663587e-28
0.999999782643363	19836684349433652e-25	6680381943182187e-30	21401526594922213e-23	97713066325924e-25	2972671970719818e-26	4728065750913769e-27	1313468815379598e-24
0.5810452594022277	0.3754923508329141	0.043462272947008995	5594614478535954e-27	15039833716961143e-24	8583709317201373e-23	15934362669514775e-24	9666667458408225e-28
0.9694798267007088	0.004377674144605557	7235507955785864e-23	7450997025869045e-23	12172303518477418e-28	8331876365808138e-20	0.026029438163470177	29595361291142772e-21
0.906595909484327	0.08477387163054596	4513399103983168e-23	7590716205746898e-25	0.004785942942178459	0.0038296524952499333	7572118024472125e-24	14569982518173744e-21
0.6978486817939586	0.29543987934855725	23714295737850556e-32	0.0066975172342341694	8800474828553665e-21	17182578380317648e-24	3639828948015092e-25	5103601860555118e-21
0.9328129078437433	6112621109203376e-21	0.0020068016008661575	29529267764293516e-26	6879729700882023e-23	0.06517410523183545	27411477540083405e-25	8687084451183077e-25
0.9996559486811589	23721732568205523e-28	25940617186413023e-30	0.00034405131642171473	9693162666408026e-36	2135496810403687e-29	9977204652379383e-31	6142058498711158e-38
0.9350568632084436	0.06471566213162717	12549902570554057e-29	2851722768787512e-27	45040607696748214e-25	6149455870576402e-23	0.00010145606895840752	0.00012595258937398405
0.9392251687333919	0.00014692852024015887	0.04380516205574492	7009925070269975e-21	5800432745625542e-26	33407159250333506e-28	0.014353819597030845	0.0024619111071765634
0.9999769374967239	11928771592367118e-33	3322165602770849e-26	26016883633785465e-25	23055826506354034e-21	9956552118271368e-27	4031891876496608e-24	1053393993184105e-29
0.9974756158593668	2964159515832895e-22	16707479813439273e-33	10421114354903052e-29	0.0024970492726419514	12539897682617478e-24	2770962412173891e-22	26748815796415784e-21
0.9999460386808875	4270429956264811e-29	32871017194451203e-22	5046124112025445e-20	5849392105231667e-23	5085632990239479e-23	2589831620271135e-27	10362338900822539e-23
0.9992974158084269	14633649382986685e-31	0.0007025804928048535	9700565144041551e-27	10008712996270205e-26	6362491799881321e-28	35883418243615016e-25	21883216651560407e-32
0.9999933329850019	6497532748753519e-34	16991265503885063e-33	13753799265154195e-25	39099534732642085e-26	4981118028859877e-25	6664743890148964e-21	6620781219656282e-27
933721104136814e-24	0.7348904571993622	429542507686971e-20	0.01555489490118134	12344828824642417e-23	0.007752935973140665	0.0003277613146778362	0.24146953080455189
0.004169572858025732	0.9898047592584431	7110049739312198e-22	5413734300028222e-22	12597723241059328e-23	0.0008931502484980211	0.001638248983682227	0.003492890295714056
0.012013794202794427	0.906252611769373	826055858535101e-19	0.00016505418128128437	0.0014939384113351777	10167110133913827e-24	4322049095471063e-22	0.07999155347734214
0.008451338130878318	0.9911346527656237	10082607330844142e-23	0.00039655956134134336	9441523940979909e-22	23654610746736628e-22	9206877328350808e-21	4832225286526531e-21
0.0006167153441685993	0.9196586529659919	7287552416237427e-23	15338670006763113e-23	5787418629068115e-28	0.07972145935130596	1795836832285439e-25	29458961470278667e-22
5569928099300397e-24	0.9588961054120513	14714775398433024e-21	0.00015112280330725368	10633512153364614e-23	0.014283478373187945	15437192062253144e-21	0.026639029538943974
24439674670220302e-30	0.9999993882524182	9884962257307704e-32	7578461084229256e-23	15772255122150854e-30	9699651004335772e-30	5359606104384198e-22	23118502152585676e-28
0.00010019808668303459	0.9997772741461478	34531572311712673e-22	3019456248423499e-23	0.00010119418558963984	17941490379236655e-22	4146038143365518e-30	16056080744175313e-21
2102734469677162e-24	0.999999577480001	37218018271811656e-23	48584671007164814e-33	10007205834790262e-31	48222467143885136e-24	1461467956232632e-26	3185780233590207e-31
497314525180751e-23	0.9999999721636467	12049962888040548e-24	16989708983173597e-26	5189435549515355e-24	9656966214158314e-25	4461024860798668e-24	27189727084928355e-27
23323574298352315e-24	0.9999970618391901	13292416041932705e-25	17606997361818404e-23	4389887809841269e-23	16281380600410325e-22	106540062535061e-20	4563392041393782e-28
0.3715758694734793	0.6284232996384262	7201326331658395e-22	45126710259422016e-26	43747069563716436e-25	10585900597404284e-23	694201354658477e-25	1061273322916942e-27
14853681687523348e-32	0.9999998988013574	10085672730926121e-23	20141293940745144e-32	27557251770455036e-36	17796079757000995e-27	3158111397531532e-25	8306879525890214e-27
16233546506464087e-28	0.9994307329469477	16965575919760404e-25	4082819125484255e-24	2949193694313759e-26	0.0005539365452133621	4636360948050194e-22	14861061252071736e-21
12401074981437822e-32	0.999995165715298	28047176722736298e-24	5933685456958784e-23	6374623793086288e-29	46640161374852755e-22	672490538796542e-28	828844029678665e-22
2681487255715929e-25	0.9999885581327809	22072341455961365e-27	10277455369770557e-21	9040894546441048e-22	587930356797228e-25	25984345743675906e-23	12992307876886054e-26
8766197516169856e-21	0.9999804116099003	14841452257845472e-28	8486482351972127e-24	4177802733646418e-25	66736658257362525e-25	1080660154220822e-20	1162911993397801e-26
30330907324704263e-27	0.11835145856907697	0.8357164937364082	4173062488878637e-21	31427613837197754e-26	0.008631567611718714	0.0008771002909627679	0.03641920638473823
1057660739430205e-20	0.021827738218933627	0.6833461799619218	0.2894581396312339	9662404073017987e-23	14686600798882309e-22	0.00534905422945119	6746066944332191e-21
9262471513024875e-21	3066447084220502e-20	0.9929285697742682	1978925734471546e-28	0.005881552260207249	13183000178308024e-21	0.0007765260251211858	0.00036024199767185943
8136930822247706e-24	0.002010541522725361	0.9967712506299041	0.001093164721974916	0.00012496813300024714	18855531095866456e-28	6679065378384685e-23	6292536701738223e-26
12794993440942396e-26	4139132356963175e-22	0.9999967759960592	10054055138496684e-26	2287038779570644e-21	512632713776412e-21	10190716553465638e-24	4704107875364095e-30
2664432582105762e-23	23171045957957226e-25	0.9999999708889225	8869977081907284e-26	2040094269580397e-28	6073709240421738e-26	4452290720434589e-30	11061676933705521e-32
3536170983598122e-23	2448976099504172e-26	0.9999999645596744	8000777376016831e-27	30144084305334285e-28	26461076388623716e-27	11931194578267173e-30	16639251640701355e-27
7242262870876316e-25	0.32398182832824646	0.4619234274772971	14771660658205583e-21	0.0001455666074213573	0.2138293012657711	18320416318556783e-23	0.00010492073221610087
0.0024231676306809458	58432886067779315e-21	0.9827869030335249	12215336163308024e-25	9975826497525575e-22	0.0031790636113093094	1646175466101988e-23	0.011551417572478673
33424630158498963e-22	8391230650133773e-20	0.7154882089397261	0.0015767929382828052	35074000485220624e-26	0.28284774060069406	2391828904798843e-24	9210247283050918e-27
8188446027849642e-20	0.33339161469179335	0.6571197682066093	0.006436666697851416	10051431041676377e-25	0.00278705465509224	0.00017505808020225626	7952203029576327e-21
0.10233225954713804	9473334487145728e-23	0.8797835486995482	0.000216488645592933	0.001925077643354023	8180865643666744e-23	0.015713976477815146	28472444550338823e-21
0.007155121291096254	0.19200291333177794	0.8006578789196486	14513091927428333e-23	11060065237522639e-23	20026214102258707e-23	0.0001688728448001439	14757618964122972e-21
4997180885379223e-24	5336186212302265e-26	6888777544678796e-22	0.9929910806784585	0.0030680277002793506	6584359461269696e-20	0.003730902591497979	0.00014345150685362405
2593842069807074e-22	0.0006168783306270798	9042257511345964e-21	0.9993368870642848	990754244864351e-20	6656776320147521e-22	8417753453066835e-21	17941989836302228e-21
5554448435905716e-22	8743219298844532e-32	9382883336855662e-23	0.9999981817399518	1164649085714664e-29	3236238801647281e-25	11678870097512272e-22	7757273087248167e-25
7974955898345436e-28	7293010323751604e-23	0.0006661562598405187	0.9964404380738805	30461965937876333e-26	1919113016469691e-23	0.0028867510086317996	65622309967230475e-22
0.0004850576508802576	16913865834314751e-22	6330600270712794e-20	0.9975434498269152	19071117874414898e-21	0.0018874179249669062	515585494572267e-25	6038513352581373e-24
1957346435257184e-21	14855866618264494e-25	0.008712864315482226	0.7053764533201359	12449865157430595e-22	456817039608951e-24	69786049022006254e-22	0.28590049948412466
0.009083555451857503	5375087452906967e-25	51844645846460745e-24	0.9909156867431305	10123204272195162e-24	35923083579164556e-28	6914604101040535e-22	3835649896740487e-24
6372140350671923e-33	4440130883426992e-26	0.0003973649723788995	0.9996026326100341	2037563961245906e-24	559160270932544e-31	6910082556808551e-26	2665219618455058e-25
9786291785314903e-20	1065924329716926e-24	10089775916491636e-21	0.9998424797079694	23430397298739974e-29	7977091337212343e-31	3771535800745089e-20	11851174093633515e-21
44709786833383696e-28	1378687894495381e-26	0.01845211781865361	0.9800707387107312	2717277155197539e-22	0.0014715039922790175	53433115392769414e-22	24420823085316994e-24
14560077787038743e-26	16167077114196496e-22	30506516181910534e-21	0.9995891517879104	6837302414470201e-26	0.00035394153564991893	24783238567376774e-21	5572623870433945e-30
0.05260991805927818	7252205800811565e-31	9492797150623496e-24	0.9473782668565468	29536149430228204e-22	23395832902163847e-26	10028765186279753e-22	7848865955908705e-21
0.00039077898120429505	0.0017476510938867278	18862504641645456e-25	0.9895517944050467	67174334992318246e-25	0.00016785196526452128	9808728872299545e-23	0.008141816863624324
723112918204774e-25	0.1609184195132165	7350950992842791e-31	0.7265089816776343	5099209496927718e-22	0.11242260428504403	0.00014948413404088215	3968030182843607e-25
0.000574862396880944	28219167781503814e-21	0.001056398095056755	0.9982857110210855	6460094366674883e-24	5463237159681428e-20	17047375351455753e-23	13750382215446664e-27
7108895267470062e-20	7646230496759651e-25	2830371397222573e-28	0.9999288745740964	23447410383385943e-27	6056937135082173e-25	3505269489458653e-23	26487086032954997e-27
0.00036483856029590487	0.03474881250866414	0.0002862060421146828	0.035780702566590626	0.9288015765668117	485160017152954e-21	8779906856210131e-21	8598688648876942e-21
0.03743544127568742	0.10545706103658575	0.07438840218984187	0.00011781620333269688	0.7389539561331174	24276756961768724e-21	0.04263004407998887	0.000993002324484333
0.00017009550798098311	8517243693596072e-25	2032519867729342e-24	11310865977092277e-27	0.9998130119600795	515265238006419e-24	20303640386581296e-22	14858757081807756e-21
4449230534200425e-27	6666755388528765e-22	3785881570709422e-21	591352957693883e-21	0.9999812091939075	22627406593530943e-25	13741047189206079e-21	3581645495612048e-24
17704647373741448e-21	0.021093231826864595	20054568795070053e-21	2336882930200824e-22	0.9650485541902092	0.013602102630149498	2097209813271602e-23	0.00021809747621674933
23749811462361574e-24	1867103049895869e-22	14588189330216915e-22	0.0036840261293770177	0.9959288715763983	6299053416814868e-23	21711159677049227e-24	0.0003853483134814243
23684860114996705e-24	6964165490981199e-20	3948582298259454e-26	1540595225302975e-22	0.9979545857865846	5153685713837148e-26	8598065399116399e-32	0.001975594723100036
0.30803552100967985	3832427075736196e-20	4650741845141593e-24	0.01624710194530744	0.6756537524937966	8153963124205242e-24	25231974912689582e-21	5550084146896603e-23
12915250975331618e-25	0.05526764766186793	90565281514438e-22	23124053814150526e-23	0.9446363904534097	3199148177590678e-29	3621314883211331e-25	957199339689257e-19
20985327517423962e-29	13241697099069432e-25	8689458227241653e-26	20614449803376935e-21	0.9899208046144061	0.010058578622179206	9019252591299473e-25	41107396833634775e-29
0.08883976390997392	0.004742735983264017	360640197990378e-24	0.002490218399350966	0.9013830769919517	2204382469303321e-24	341819300294925e-19	0.0025100202204072887
1573226326562312e-22	23495071823395706e-21	17430625737205211e-22	7137259676381257e-26	0.9999746042747872	14068882065694278e-29	47480035160158886e-27	14919107595406196e-26
0.0066405064233375196	0.05425148865055049	48892663481586165e-22	4933930338331172e-20	0.9390537751381159	20888940035577525e-26	9554405347723177e-25	5393409599533258e-26
23047756521282538e-26	3437593617382695e-23	156516103760521e-22	16269953511834392e-28	0.9999994069868396	3813921965241114e-24	12114340580009284e-28	5389383771507198e-22
0.14315404076374794	0.0005253998287355712	5443569530981608e-20	0.0067911899953662196	0.8397082792200555	0.00956347035291158	0.00019292966484389876	10254479029663959e-21
2115779221947019e-30	19578397533310333e-26	345565229192835e-30	50393439351660207e-21	0.9999493635646208	6466057326595545e-31	2428000710093312e-22	1686547886818602e-28
16494893784552805e-33	45463322022241374e-29	8105311247659385e-23	24382326981419467e-24	0.998357168225539	0.0016427102740350558	7154668516469735e-25	15349064688558974e-24
3641303353733171e-26	10823405330044628e-29	9476360808309811e-24	7435982680716349e-31	0.999902738048171	9712539655447851e-20	21265096990459438e-29	12704217808598577e-23
0.006685216445418161	0.0002672093529627216	3105751127438006e-26	9414574533216626e-29	0.9930424068048384	6029729570585724e-23	9105524251082946e-23	5016013091607361e-21
30847739836982705e-27	0.4678254029200476	0.001910190134789431	14988924577836148e-25	0.5302303530542659	34032482702333666e-21	19875175202491343e-24	3279178367002259e-27
39394136553047494e-29	951147326097723e-23	223614775381746e-22	38758801516600306e-27	0.6865842548533242	0.3134156937741211	4174553499220107e-24	15285897609114563e-24
0.002562979518215671	36301280625874187e-30	504670023308135e-30	748663641820864e-21	4648824708808744e-28	0.9901976749347471	0.0072290960918091045	9500791084302964e-21
4950274827034228e-21	7118513444264479e-21	22623085414272605e-26	2627895998798496e-20	18484746693924937e-31	0.9999616380108219	12929402626874488e-24	10852827999193553e-25
5637932280367364e-26	4473529500584975e-23	31697248409395045e-27	0.00019597269944559588	6017763392462879e-25	0.9998039478576981	34017142183174804e-24	565851688712183e-27
0.1605549830220567	15416337742110598e-26	10278338253492445e-23	53327358541685795e-22	8941684189151133e-23	0.8394183110640199	21172152203470337e-21	8671476627878572e-24
0.01517028259909567	2952329404255693e-20	20046319554191599e-29	39286781429955607e-27	5249397565194963e-27	0.9838584264005696	0.0009403711087686732	13965527864960652e-22
0.0006397552214576546	30831736053228573e-25	19179901465084296e-27	6443954899001151e-21	2556881983852718e-25	0.9451135541575327	0.05413631762084138	0.00010392568722819
0.0003842134249718079	0.0062251369120967905	7767961850652774e-21	60969855829082885e-22	10324562153821011e-21	0.9908868143226969	0.002479645830647632	18289979377247343e-34
698287176396591e-22	0.0012846778765722986	11331927085422925e-27	3803754678504552e-22	966665004752992e-23	0.9987148612283532	7155951268841331e-26	9413481137021148e-25
0.00032867307532101736	1590234231789092e-28	29692633144890312e-25	9189540155647087e-22	2875658426323095e-23	0.9996693550742304	10211703245265648e-22	10352399616899903e-29
3532884149335473e-23	12116832796070765e-26	9657826203883527e-24	2994119859645474e-29	54226205880826566e-21	0.9999448093137419	5522558562291054e-25	918820254664268e-21
8331808600852964e-36	9098955896837142e-23	0.0021354901339305306	9312261566856672e-25	6548646983856482e-21	0.9978505817390837	427779599950887e-24	7287131436682808e-21
29277799238809772e-22	1908037319414885e-28	1913789964392725e-23	23074425912078084e-28	0.030185943756495824	0.9698090339830802	3488811311639668e-27	2075336611926567e-21
10728884723656995e-25	10503145015679582e-31	5587025495647348e-29	3663797328050047e-26	35111939927902724e-28	0.9999999988869064	3535914533817477e-35	3931264467437508e-38
3951553654161058e-25	0.3631528870018956	44773964731649476e-23	9988473675457084e-22	1336301887566906e-24	0.6368456645604239	27369491829307083e-32	11920890621522903e-26
1813897914190419e-23	0.013975901940093906	47284065898329485e-25	9532767003588634e-21	18716561319188438e-21	0.9052754931379835	0.08071946678616122	8659400526001411e-22
0.0013804666681351719	26206259257992374e-27	5416001558660079e-29	4153048821902042e-28	26847428781696572e-33	0.998619530238452	258859815111599e-23	4781387298908977e-25
3904087141151422e-24	9996050671641548e-28	28177827184383882e-35	3840318855388773e-25	9880810908869629e-27	0.9999999953263057	2847058341210029e-33	3746953942841265e-25
7935230086769964e-21	15972875012806995e-21	9981085084618948e-24	6153925979012972e-24	3933337290896827e-26	0.9598457198104778	0.03867776390634862	0.0014525920037296585
0.0003441543472086016	3239529771016991e-23	0.0004777965650668103	0.00013986540955220484	3227362715269198e-21	0.977212687887243	0.02182082809819577	1407934721383427e-21
9294040524771548e-24	50227321210766765e-25	2508576738334626e-24	0.00037161087231611753	1772347200546755e-27	0.9996282786969238	930140407807188e-22	589597161429529e-24
5342511673186296e-22	8326832264695769e-28	6809254391016898e-27	4698415938212864e-31	43259358563999224e-25	0.9999994441865637	1719254882096577e-23	3614152919674593e-26
13202268148444051e-26	0.06030349837226064	9379003886641928e-21	0.029845341063605372	32496999796038006e-23	0.9048347469008159	0.005006709547741087	9669635939624443e-27
30327068306749894e-21	0.26150327920447675	0.18356367654181116	0.00129432483408466	0.0028826757027878127	0.5499493756044556	11332315531936876e-22	0.0007752078125230751
1585557615569312e-29	0.1324077118103379	0.00011411447305475285	18356514791744746e-26	8248032471923102e-24	0.8674781636783528	1383038977649607e-24	2236017438409408e-25
0.44951653366928224	5746228799527698e-28	37836897239954356e-24	14628215177766666e-36	0.09581022701499217	0.4544443096233807	1822397804674345e-23	0.0002288736308963439
9843624751765504e-27	8127305297900334e-28	18688418545078332e-28	9200387317823914e-20	4319047762306998e-22	0.897747875349706	0.10113444366019506	0.0010252451996184263
5774983446142873e-24	94454592353123e-19	20868229499565386e-21	0.0007862981980934769	12641727657762566e-23	0.9991785231899969	47327230027497764e-22	7912604666296046e-27
21191139241411054e-27	0.040620794031831615	7184983020780593e-20	0.001723340048117367	0.010157594945579832	0.9382395053035064	954603397107001e-19	0.009091455479855279
8760558602458754e-33	21883391588383633e-33	19255525998617667e-29	16039725790519748e-29	16314964201775974e-26	50578186474327074e-25	0.9999999448156254	4996305390439119e-23
377221566445123e-22	18456692035700183e-21	0.0005094233497852684	0.04747582393764055	16427834022253885e-23	5237308138735654e-22	0.9519952820871243	288202103564725e-21
0.0002543994806646761	7776881726455386e-26	5081507406151166e-22	9888419089518051e-22	2510582189372191e-21	3229505076704261e-26	0.9997371472728527	44455615802871385e-22
0.00020378656125182785	4924340458425451e-21	9228427813172436e-22	0.08597198639625588	1292143065374768e-22	0.43581129422022696	0.47793748288071414	6947354400512753e-20
3088334161894784e-21	1315540038259453e-25	0.03517439757805355	23889191269048214e-23	28243483026181993e-30	8325353190728865e-22	0.964807430615876	14011913094159358e-21
4219956540834916e-20	0.47865700789774623	6443718719282803e-27	10000430648813223e-28	4446380639018511e-22	27594243448081006e-27	0.5212820652921608	18282571581933438e-21
11773348969436046e-26	20403899233537037e-28	0.01932900362768111	7589875032388633e-21	0.02150313024367765	0.06390272513723455	0.8952575501786173	817983614716035e-24
25709165965117733e-27	5650696757135876e-22	3343419577670481e-22	25410202973171863e-26	0.014746405174036185	7677224289464015e-24	0.9807355990578148	0.004517088399480906
23079483082613687e-24	201302308725952e-31	15560722465249078e-23	2362057645867482e-21	19421918415755502e-30	24838282569977525e-26	0.9999972905560922	16845115362926168e-23
3014791669853478e-29	1731156945359088e-25	39275997021052117e-27	1535284180792285e-32	1729948427761209e-29	404828343346869e-23	0.9999999957339938	5283496018044238e-27
33897818446564386e-22	0.000173223114754294	0.010684086153460266	0.002180303121361918	3089377831070055e-20	0.0015213417199159756	0.9854064264616136	3358687386573292e-22
0.0001643464266084731	11774535103978601e-22	5501550323433803e-20	5507040102754105e-21	0.00011347162631673412	0.11710531548478331	0.882555166464646	7978980309548321e-28
17000612900723932e-28	870621756377484e-24	4672813331020308e-28	7800360696429178e-20	10309844142934283e-22	2061300476713341e-23	0.9999209439228289	1740546756580325e-31
5342582267015685e-20	0.10849242269466795	0.006184142768638058	7324810044371766e-21	0.0008004564973474053	6836265163970112e-25	0.8844614048292047	8218938010094762e-22
23370312612173267e-22	10744323423635835e-21	0.0820725994415445	0.00023845879972722196	5146419089636227e-28	0.007593169537749341	0.9100555178784702	27172987309331242e-21
11081803857343653e-28	5453563668014084e-27	16929974444983605e-27	7137061442694293e-20	27594291165413196e-22	45095282669361174e-24	4268999887844557e-26	0.9999258247949906
3103032377092716e-29	8219373779434145e-29	28023059832218427e-32	8821105090782118e-23	1185880594535667e-28	43934365931467404e-24	28878729644850687e-28	0.9999998678514624
14296632729268004e-22	26776641176114588e-30	0.0001350184983914211	918466673726576e-26	39915103494837614e-26	0.002296597764533886	10991845972566006e-24	0.9975669426735941
12165268267853639e-21	4917106446886034e-28	0.017277077535814627	7062090088567582e-21	0.20438158357522934	6465273365628679e-26	11839635212183188e-21	0.7783102718302438
20453488357235492e-21	3312822039189801e-23	16138004993081578e-23	4313419777577466e-22	0.0003872522847201972	25158606099227553e-23	764936882219092e-24	0.9995914160256771
14250051251412275e-26	3067534712861224e-22	0.0017966288973649837	14581215482030275e-22	0.26367047958950424	0.010052825572688849	1340442068201117e-24	0.7244782995824801
9743621185644172e-29	3940305827670996e-25	939557709492612e-22	7657943457896985e-28	11173363258780163e-27	21890356702315218e-31	8175287879465005e-20	0.9999181527593662
0.22792756248875137	0.00026037158363926747	0.00016365684243724893	0.21980666619013647	20206614410120403e-26	7467239128376169e-25	0.0015266845614475527	0.5503150573847979
21047279506934124e-22	19985275686851647e-24	3153731275761885e-25	0.30140854137837686	5251166611193467e-22	596241907557116e-20	3463533815810349e-22	0.6985824997039047
0.03172277247999063	0.03691630445326412	0.0629117628690349	0.37366470859512513	4944058667672327e-27	0.001604711675076371	14865414257029012e-29	0.4931797399224162
0.0021964396613867662	0.019897175550731786	43516575849975195e-21	0.10374967603357736	3351173422983905e-26	0.005528990299360872	6525380494810335e-20	0.8685189480406338
0.004573987140711678	0.0011983630537904604	4769340190079057e-22	0.2471687045528999	17224998768821943e-23	6961482769579628e-26	0.35638228360323504	0.3906760123957418
9053887155314676e-21	7307475588962551e-24	0.007280513410981035	33189699478151932e-22	26524209431168627e-21	22144823911799333e-26	0.0003191852336142522	0.992361396759947
0.0005042240045010268	6925950330552199e-30	8455136765738755e-21	8582383556654899e-21	6172623338611484e-23	0.0003374697374429795	16162073940760796e-30	0.9991412070114774
0.2554258542088509	36945724719385114e-25	19566988855494274e-25	10640073100207298e-24	10921148008373838e-25	1159681163863524e-20	20032142938634526e-25	0.7445625295928363
1091593434912784e-24	0.12969295802175218	0.004000042266055175	2883811705196086e-27	0.00033976662290268237	4856022657625779e-33	309048610170142e-24	0.8659672316857653
0.00046655279777758863	3216604174840403e-24	10018229303788682e-24	0.013575895245550265	0.00121694497424724	0.17370471600900175	3730663783921493e-23	0.8110358404319515
0.15844394445082716	0.001965016478628354	0.2732122210141786	0.14943905689596584	0.005734439062384379	272540675684796e-20	0.0006629158611899174	0.41053968083006903
10780653108251095e-21	8042913504646048e-20	43672228033466944e-21	0.008219668949831447	8099738145984753e-27	10070493506142602e-22	3710224167617421e-29	0.9916444419764922
2669497656547411e-27	15285881820360922e-27	44391735816007947e-29	8408791601260022e-24	40270613048878305e-29	54996749799257736e-27	4217108191659586e-34	0.9999999915174094
